[639 201900669 '2019-01-25-23:59:32.740' 29.265 -1.526 10.96 1.0 '0.09' 3
 0.84 15 15 15.71 77.215 5.81 4.72 11.28 3.099 1.561 123.95 6 9 3.1 28.94
 '2019-01-25-23:59:15.86' 85 '8']
[3470 201903718 '2019-04-30-23:02:00.580' 29.263 -1.533 14.76 1.0 '-0.08'
 4 0.41 25 16 16.67 64.682 2.53 2.16 6.22 1.091 0.795 103.06 12 13 3.6
 28.98 '2019-04-30-23:01:44.18' 85 '13']
[9084 201909772 '2019-09-01-20:06:24.050' 29.209 -1.402 17.48 1.0 '-0.63'
 2 0.46 24 20 25.84 109.167 4.45 3.68 9.72 2.007 1.451 60.758 11 13 4.34
 33.56 '2019-09-01-20:06:08.40' 89 '3']
[9746 201910499 '2019-09-16-01:29:53.990' 29.266 -1.535 14.0 1.0 '-0.1' 3
 0.22 8 19 16.67 83.07 2.81 3.49 8.61 1.515 1.03 -38.433 8 0 3.8 12.86
 '2019-09-16-01:29:37.80' 69 '11']
