[184 201900187 '2019-01-07-19:16:06.530' 29.266 -1.523 14.68 0.8 '0.07' 4
 0.53 16 11 16.96 78.844 3.94 6.09 12.62 2.825 1.62 -1.188 7 9 3.6 56.74
 '2019-01-07-19:15:50.14' 113 '14']
[1679 201901780 '2019-03-01-01:22:16.730' 29.247 -1.514 10.97 0.6 '-0.13'
 2 0.6 14 15 12.43 102.07 4.13 3.82 15.93 2.127 1.266 128.702 5 9 3.28
 20.34 '2019-03-01-01:22:00.02' 77 '14']
[8225 201908859 '2019-08-16-00:29:20.850' 29.218 -1.398 18.59 1.1 '-0.53'
 2 0.44 20 20 26.97 104.498 4.28 3.45 4.2 1.947 1.381 89.44 6 14 5.48
 59.48 '2019-08-16-00:29:06.34' 113 '7']
[9862 201910624 '2019-09-18-22:35:02.780' 29.27 -1.539 18.34 1.0 '0.01' 3
 0.56 24 19 20.28 73.447 2.74 4.29 5.48 1.925 1.069 -20.034 12 12 4.26
 38.72 '2019-09-18-22:34:47.06' 94 '15']
[11449 201912378 '2019-11-08-00:40:15.210' 29.27 -1.534 16.45 0.9 '-0.37'
 2 0.75 22 21 19.5 68.744 3.81 3.78 7.93 1.765 1.61 127.242 8 14 3.38
 38.66 '2019-11-08-00:39:58.60' 95 '4']
[12469 201913551 '2019-12-22-21:59:36.770' 29.259 -1.53 13.25 0.9 '-0.33'
 1 0.52 19 19 15.71 70.601 2.91 2.68 5.73 1.24 1.094 2.617 6 13 3.46 54.06
 '2019-12-22-21:59:20.24' 110 '2']
