[47 201900049 '2019-01-02-23:10:18.630' 29.264 -1.521 15.61 0.9 '0.07' 3
 0.27 10 12 20.77 78.844 2.39 4.59 15.62 2.274 0.838 1.981 8 2 3.86 12.12
 '2019-01-02-23:10:02.50' 68 '18']
[429 201900444 '2019-01-18-02:01:54.630' 29.269 -1.541 19.33 0.8 '0.22' 3
 0.47 16 11 21.27 73.447 2.72 3.49 6.48 1.515 1.03 -38.433 7 9 4.28 13.12
 '2019-01-18-02:01:38.92' 68 '14']
[7176 201907725 '2019-07-19-02:03:52.980' 29.282 -1.482 17.51 1.4 '-0.11'
 3 0.74 20 20 22.06 73.955 4.77 4.84 9.23 2.251 2.099 30.009 6 14 4.76
 40.28 '2019-07-19-02:03:37.74' 95 '13']
[11381 201912307 '2019-11-05-22:19:18.610' 29.266 -1.523 15.17 1.0 '0.12'
 3 0.5 27 21 17.9 78.844 2.63 3.09 6.54 1.473 0.963 -41.693 12 15 3.68
 31.22 '2019-11-05-22:19:02.30' 87 '13']
