[3163 201903386 '2019-04-22-09:45:54.360' 29.185 -1.371 23.45 1.7 '-0.74'
 2 0.64 18 16 27.28 109.355 4.17 4.77 12.49 2.163 1.928 -0.057 6 12 5.2
 31.44 '2019-04-22-09:45:39.56' 86 '5']
[4323 201904607 '2019-05-16-17:49:12.170' 29.266 -1.53 13.91 0.9 '-0.19' 4
 0.56 17 16 15.71 77.215 3.56 3.16 6.87 1.726 1.217 112.603 8 9 3.02 56.34
 '2019-05-16-17:48:55.20' 113 '17']
[9463 201910192 '2019-09-10-00:34:18.680' 29.268 -1.523 19.02 1.0 '0.23' 3
 0.48 24 20 21.67 70.256 2.47 2.83 4.42 1.163 0.861 -7.841 11 13 4.4 56.08
 '2019-09-10-00:34:03.09' 111 '15']
[9996 201910769 '2019-09-22-22:00:03.320' 29.26 -1.535 11.95 0.9 '-0.22' 2
 0.6 20 19 16.67 61.661 2.99 4.4 16.74 1.991 1.117 17.832 10 10 2.8 33.98
 '2019-09-22-21:59:46.14' 91 '16']
