[2273 201902429 '2019-03-23-00:09:38.140' 29.268 -1.534 17.09 1.2 '0.0' 3
 0.62 18 16 19.56 77.215 3.07 2.85 6.34 1.356 1.006 118.541 8 10 3.48
 19.92 '2019-03-23-00:09:21.64' 76 '17']
[2594 201902785 '2019-04-05-18:21:29.520' 29.262 -1.53 14.97 0.9 '-0.03' 2
 0.66 18 17 17.63 64.682 3.34 2.85 8.65 1.437 1.131 118.014 7 11 3.54
 20.04 '2019-04-05-18:21:13.08' 76 '11']
[8359 201909000 '2019-08-19-20:40:15.270' 29.256 -1.522 13.72 1.0 '0.29' 4
 0.46 23 19 16.16 74.283 4.06 3.16 6.94 1.843 1.349 110.112 11 12 3.2 56.7
 '2019-08-19-20:39:58.49' 113 '19']
[10373 201911206 '2019-10-04-23:28:11.360' 29.28 -1.529 15.24 1.0 '0.17' 4
 0.54 22 20 18.51 73.002 4.16 4.61 6.99 2.115 1.918 0.08 10 12 3.36 38.84
 '2019-10-04-23:27:54.74' 95 '8']
