[689 201900723 '2019-01-27-19:41:18.890' 29.262 -1.52 16.49 0.8 '0.12' 4
 0.5 18 14 18.85 78.844 2.78 3.44 9.07 1.435 1.028 -26.516 9 9 4.12 20.76
 '2019-01-27-19:41:03.02' 76 '15']
[2554 201902739 '2019-04-04-00:54:46.830' 29.26 -1.497 8.51 0.7 '-0.22' 1
 0.83 14 16 12.53 81.743 5.83 3.95 15.85 2.795 1.543 102.356 4 10 3.2
 12.08 '2019-04-04-00:54:30.04' 68 '10']
[7322 201907888 '2019-07-24-23:16:24.750' 29.195 -1.382 16.34 0.9 '-0.4' 1
 0.68 15 19 23.14 111.602 4.8 4.57 19.79 2.404 1.817 128.891 6 9 4.96
 43.54 '2019-07-24-23:16:09.72' 98 '4']
[7362 201907933 '2019-07-26-02:08:54.330' 29.273 -1.529 17.73 1.0 '0.13' 4
 0.69 18 20 19.5 75.059 3.81 4.94 8.57 2.276 1.614 0.44 7 11 3.84 28.66
 '2019-07-26-02:08:38.19' 84 '11']
[9738 201910491 '2019-09-15-23:33:36.810' 29.266 -1.538 16.27 0.7 '-0.03'
 3 0.49 15 19 18.39 79.62 3.46 4.57 7.0 2.197 1.315 -22.687 7 8 3.96 39.12
 '2019-09-15-23:33:20.79' 95 '8']
