[3423 201903665 '2019-04-29-16:47:21.790' 29.211 -1.384 20.99 1.5 '-0.51'
 1 0.53 16 16 27.96 99.107 4.17 5.13 10.98 2.491 1.705 29.284 3 13 5.7
 59.32 '2019-04-29-16:47:07.50' 113 '1']
[6751 201907240 '2019-07-08-12:41:36.650' 29.258 -1.492 22.28 1.7 '-0.58'
 3 0.61 16 18 26.49 78.726 4.61 5.27 12.85 2.506 1.985 28.904 4 12 4.98
 39.28 '2019-07-08-12:41:21.64' 94 '2']
[10913 201911802 '2019-10-22-22:40:38.590' 29.27 -1.505 16.81 1.2 '-0.3' 2
 0.72 24 20 20.37 72.979 4.04 5.37 6.95 2.511 1.634 -25.729 9 15 4.08
 39.64 '2019-10-22-22:40:22.68' 95 '10']
[11284 201912198 '2019-11-03-03:11:53.640' 29.267 -1.537 19.59 0.8 '0.01'
 2 0.5 13 19 21.33 75.479 4.08 3.83 9.3 1.866 1.593 120.473 4 9 4.46 20.26
 '2019-11-03-03:11:38.10' 75 '13']
[12387 201913456 '2019-12-17-18:34:08.810' 29.274 -1.547 13.96 1.1 '0.08'
 3 0.42 19 19 16.18 125.93 3.35 4.69 5.63 2.292 1.139 -27.399 7 12 3.58
 39.04 '2019-12-17-18:33:52.40' 95 '8']
