[94 201900096 '2019-01-04-19:19:33.700' 29.261 -1.569 27.44 0.7 '-0.25' 3
 0.61 11 12 28.14 154.773 8.01 6.74 15.7 4.193 2.618 58.14 3 8 5.56 14.82
 '2019-01-04-19:19:19.28' 69 '4']
[241 201900248 '2019-01-10-20:17:26.850' 29.261 -1.531 15.64 0.6 '-0.15' 2
 0.34 14 11 18.6 77.463 2.43 3.24 7.36 1.364 0.79 -16.493 7 7 4.04 12.3
 '2019-01-10-20:17:10.90' 68 '16']
[935 201900980 '2019-02-04-23:26:18.400' 29.266 -1.485 8.91 0.9 '-0.64' 1
 0.74 19 15 13.09 84.115 4.67 3.55 15.09 2.152 1.464 111.036 7 12 2.88
 58.68 '2019-02-04-23:26:01.29' 115 '0']
[1417 201901501 '2019-02-20-02:26:01.840' 29.283 -1.551 15.38 0.8 '-0.02'
 2 0.39 10 15 18.32 129.428 8.21 9.49 11.35 4.816 3.642 -27.668 9 1 3.78
 56.34 '2019-02-20-02:25:45.64' 112 '8']
[2793 201902995 '2019-04-12-01:13:13.210' 29.262 -1.528 14.15 0.9 '-0.19'
 4 0.49 23 17 16.67 64.682 2.53 2.18 6.52 1.102 0.871 125.61 10 13 3.06
 28.56 '2019-04-12-01:12:56.29' 85 '17']
[7623 201908234 '2019-08-02-06:42:15.910' 29.261 -1.527 7.28 1.1 '0.23' 4
 0.55 17 19 8.42 70.601 3.95 6.36 17.89 2.964 1.599 -12.304 7 10 2.64
 28.98 '2019-08-02-06:41:58.56' 86 '11']
[7957 201908583 '2019-08-09-15:30:59.380' 29.266 -1.527 11.75 1.1 '0.31' 3
 0.4 19 20 15.08 78.844 2.77 3.43 4.74 1.443 1.126 -35.359 8 11 2.9 56.94
 '2019-08-09-15:30:42.28' 114 '17']
