[1759 201901867 '2019-03-03-22:48:02.750' 29.268 -1.539 14.67 1.0 '0.06' 2
 0.62 10 15 16.36 129.428 2.91 2.81 8.16 1.226 1.032 133.109 8 2 3.72
 20.12 '2019-03-03-22:47:46.49' 76 '16']
[2783 201902983 '2019-04-11-20:47:17.240' 29.248 -1.52 13.21 1.0 '-0.14' 3
 0.6 19 17 16.36 76.467 3.93 4.13 5.99 1.88 1.629 -17.769 6 13 3.04 53.78
 '2019-04-11-20:47:00.29' 110 '10']
[3805 201904072 '2019-05-08-15:27:12.690' 29.267 -1.531 15.39 1.4 '0.11' 4
 0.33 24 16 17.63 64.682 2.87 2.3 4.51 1.159 0.807 108.253 10 14 3.7 29.26
 '2019-05-08-15:26:56.40' 85 '15']
[7808 201908430 '2019-08-06-22:42:56.370' 29.269 -1.496 12.69 1.2 '-0.29'
 2 0.75 16 19 16.31 94.87 5.65 5.93 11.61 2.885 2.366 134.747 4 12 3.3
 57.62 '2019-08-06-22:42:39.68' 114 '14']
[8278 201908915 '2019-08-17-06:34:05.450' 29.265 -1.526 16.05 1.1 '0.26' 4
 0.36 17 20 18.6 64.682 3.2 3.64 5.79 1.591 1.361 34.519 7 10 3.64 13.48
 '2019-08-17-06:33:49.10' 69 '16']
