[520 201900539 '2019-01-21-21:35:06.160' 29.253 -1.513 13.24 0.6 '0.23' 3
 0.51 13 14 14.09 85.503 4.93 3.57 15.51 2.399 1.369 114.555 4 9 2.98
 11.22 '2019-01-21-21:34:49.14' 68 '4']
[1242 201901315 '2019-02-14-19:43:11.410' 29.266 -1.528 14.21 0.9 '0.11' 3
 0.55 19 15 16.67 77.215 2.38 4.5 7.13 1.901 0.799 -8.028 10 9 3.26 53.5
 '2019-02-14-19:42:54.69' 110 '14']
[9684 201910433 '2019-09-14-22:10:30.080' 29.267 -1.529 14.0 1.0 '0.23' 3
 0.51 21 19 16.67 77.215 2.36 3.91 6.64 1.706 0.897 -14.372 10 11 2.92
 34.0 '2019-09-14-22:10:13.02' 91 '19']
[10158 201910952 '2019-09-28-01:18:29.850' 29.269 -1.531 15.48 0.8 '0.14'
 3 0.58 23 19 18.52 75.059 3.02 2.99 7.23 1.585 1.029 133.312 12 11 3.86
 56.82 '2019-09-28-01:18:13.72' 112 '1']
[11926 201912921 '2019-11-24-19:52:35.880' 29.275 -1.53 19.37 1.1 '-0.49'
 2 0.52 17 19 21.45 75.059 4.09 6.89 8.24 3.404 1.481 -19.117 8 9 4.56
 56.06 '2019-11-24-19:52:20.46' 111 '9']
