47,201900049,2019-01-02-23:10:18.630,29.264,-1.521,15.61,0.9,0.07,3,0.27,10,12,20.77,78.844,2.39,4.59,15.62,2.274,0.838,1.981,8,2,3.86,12.12,2019-01-02-23:10:02.50,68,18
94,201900096,2019-01-04-19:19:33.700,29.261,-1.569,27.44,0.7,-0.25,3,0.61,11,12,28.14,154.773,8.01,6.74,15.7,4.193,2.618,58.14,3,8,5.56,14.82,2019-01-04-19:19:19.28,69,4
184,201900187,2019-01-07-19:16:06.530,29.266,-1.523,14.68,0.8,0.07,4,0.53,16,11,16.96,78.844,3.94,6.09,12.62,2.825,1.62,-1.188,7,9,3.6,56.74,2019-01-07-19:15:50.14,113,14
241,201900248,2019-01-10-20:17:26.850,29.261,-1.531,15.64,0.6,-0.15,2,0.34,14,11,18.6,77.463,2.43,3.24,7.36,1.364,0.79,-16.493,7,7,4.04,12.3,2019-01-10-20:17:10.90,68,16
429,201900444,2019-01-18-02:01:54.630,29.269,-1.541,19.33,0.8,0.22,3,0.47,16,11,21.27,73.447,2.72,3.49,6.48,1.515,1.03,-38.433,7,9,4.28,13.12,2019-01-18-02:01:38.92,68,14
520,201900539,2019-01-21-21:35:06.160,29.253,-1.513,13.24,0.6,0.23,3,0.51,13,14,14.09,85.503,4.93,3.57,15.51,2.399,1.369,114.555,4,9,2.98,11.22,2019-01-21-21:34:49.14,68,4
639,201900669,2019-01-25-23:59:32.740,29.265,-1.526,10.96,1.0,0.09,3,0.84,15,15,15.71,77.215,5.81,4.72,11.28,3.099,1.561,123.95,6,9,3.1,28.94,2019-01-25-23:59:15.86,85,8
689,201900723,2019-01-27-19:41:18.890,29.262,-1.52,16.49,0.8,0.12,4,0.5,18,14,18.85,78.844,2.78,3.44,9.07,1.435,1.028,-26.516,9,9,4.12,20.76,2019-01-27-19:41:03.02,76,15
925,201900969,2019-02-04-12:18:17.530,29.188,-1.388,17.82,1.6,-0.49,1,0.59,14,14,25.68,117.23,4.32,3.47,4.03,1.973,1.291,109.702,0,14,4.94,52.64,2019-02-04-12:18:02.49,107,11
935,201900980,2019-02-04-23:26:18.400,29.266,-1.485,8.91,0.9,-0.64,1,0.74,19,15,13.09,84.115,4.67,3.55,15.09,2.152,1.464,111.036,7,12,2.88,58.68,2019-02-04-23:26:01.29,115,0
1242,201901315,2019-02-14-19:43:11.410,29.266,-1.528,14.21,0.9,0.11,3,0.55,19,15,16.67,77.215,2.38,4.5,7.13,1.901,0.799,-8.028,10,9,3.26,53.5,2019-02-14-19:42:54.69,110,14
1417,201901501,2019-02-20-02:26:01.840,29.283,-1.551,15.38,0.8,-0.02,2,0.39,10,15,18.32,129.428,8.21,9.49,11.35,4.816,3.642,-27.668,9,1,3.78,56.34,2019-02-20-02:25:45.64,112,8
1679,201901780,2019-03-01-01:22:16.730,29.247,-1.514,10.97,0.6,-0.13,2,0.6,14,15,12.43,102.07,4.13,3.82,15.93,2.127,1.266,128.702,5,9,3.28,20.34,2019-03-01-01:22:00.02,77,14
1759,201901867,2019-03-03-22:48:02.750,29.268,-1.539,14.67,1.0,0.06,2,0.62,10,15,16.36,129.428,2.91,2.81,8.16,1.226,1.032,133.109,8,2,3.72,20.12,2019-03-03-22:47:46.49,76,16
2273,201902429,2019-03-23-00:09:38.140,29.268,-1.534,17.09,1.2,0.0,3,0.62,18,16,19.56,77.215,3.07,2.85,6.34,1.356,1.006,118.541,8,10,3.48,19.92,2019-03-23-00:09:21.64,76,17
2554,201902739,2019-04-04-00:54:46.830,29.26,-1.497,8.51,0.7,-0.22,1,0.83,14,16,12.53,81.743,5.83,3.95,15.85,2.795,1.543,102.356,4,10,3.2,12.08,2019-04-04-00:54:30.04,68,10
2594,201902785,2019-04-05-18:21:29.520,29.262,-1.53,14.97,0.9,-0.03,2,0.66,18,17,17.63,64.682,3.34,2.85,8.65,1.437,1.131,118.014,7,11,3.54,20.04,2019-04-05-18:21:13.08,76,11
2783,201902983,2019-04-11-20:47:17.240,29.248,-1.52,13.21,1.0,-0.14,3,0.6,19,17,16.36,76.467,3.93,4.13,5.99,1.88,1.629,-17.769,6,13,3.04,53.78,2019-04-11-20:47:00.29,110,10
2793,201902995,2019-04-12-01:13:13.210,29.262,-1.528,14.15,0.9,-0.19,4,0.49,23,17,16.67,64.682,2.53,2.18,6.52,1.102,0.871,125.61,10,13,3.06,28.56,2019-04-12-01:12:56.29,85,17
3074,201903289,2019-04-19-22:18:54.700,29.21,-1.397,11.13,1.1,-0.49,3,0.6,16,17,21.47,109.167,4.8,3.28,12.04,2.146,1.388,75.325,3,13,4.5,31.94,2019-04-19-22:18:39.22,87,14
3163,201903386,2019-04-22-09:45:54.360,29.185,-1.371,23.45,1.7,-0.74,2,0.64,18,16,27.28,109.355,4.17,4.77,12.49,2.163,1.928,-0.057,6,12,5.2,31.44,2019-04-22-09:45:39.56,86,5
3423,201903665,2019-04-29-16:47:21.790,29.211,-1.384,20.99,1.5,-0.51,1,0.53,16,16,27.96,99.107,4.17,5.13,10.98,2.491,1.705,29.284,3,13,5.7,59.32,2019-04-29-16:47:07.50,113,1
3470,201903718,2019-04-30-23:02:00.580,29.263,-1.533,14.76,1.0,-0.08,4,0.41,25,16,16.67,64.682,2.53,2.16,6.22,1.091,0.795,103.06,12,13,3.6,28.98,2019-04-30-23:01:44.18,85,13
3805,201904072,2019-05-08-15:27:12.690,29.267,-1.531,15.39,1.4,0.11,4,0.33,24,16,17.63,64.682,2.87,2.3,4.51,1.159,0.807,108.253,10,14,3.7,29.26,2019-05-08-15:26:56.40,85,15
4323,201904607,2019-05-16-17:49:12.170,29.266,-1.53,13.91,0.9,-0.19,4,0.56,17,16,15.71,77.215,3.56,3.16,6.87,1.726,1.217,112.603,8,9,3.02,56.34,2019-05-16-17:48:55.20,113,17
4775,201905062,2019-05-19-10:45:42.870,29.262,-1.503,12.87,1.1,0.86,2,0.39,14,17,18.52,79.262,5.78,3.7,19.02,2.638,1.55,99.516,5,9,3.74,29.92,2019-05-19-10:45:26.62,86,1
5295,201905606,2019-05-28-10:45:40.630,29.202,-1.376,25.39,1.8,-0.62,2,0.46,21,17,32.13,103.493,4.72,4.26,7.78,2.24,1.84,72.12,9,12,5.9,31.72,2019-05-28-10:45:26.54,85,7
6751,201907240,2019-07-08-12:41:36.650,29.258,-1.492,22.28,1.7,-0.58,3,0.61,16,18,26.49,78.726,4.61,5.27,12.85,2.506,1.985,28.904,4,12,4.98,39.28,2019-07-08-12:41:21.64,94,2
7176,201907725,2019-07-19-02:03:52.980,29.282,-1.482,17.51,1.4,-0.11,3,0.74,20,20,22.06,73.955,4.77,4.84,9.23,2.251,2.099,30.009,6,14,4.76,40.28,2019-07-19-02:03:37.74,95,13
7322,201907888,2019-07-24-23:16:24.750,29.195,-1.382,16.34,0.9,-0.4,1,0.68,15,19,23.14,111.602,4.8,4.57,19.79,2.404,1.817,128.891,6,9,4.96,43.54,2019-07-24-23:16:09.72,98,4
7362,201907933,2019-07-26-02:08:54.330,29.273,-1.529,17.73,1.0,0.13,4,0.69,18,20,19.5,75.059,3.81,4.94,8.57,2.276,1.614,0.44,7,11,3.84,28.66,2019-07-26-02:08:38.19,84,11
7623,201908234,2019-08-02-06:42:15.910,29.261,-1.527,7.28,1.1,0.23,4,0.55,17,19,8.42,70.601,3.95,6.36,17.89,2.964,1.599,-12.304,7,10,2.64,28.98,2019-08-02-06:41:58.56,86,11
7808,201908430,2019-08-06-22:42:56.370,29.269,-1.496,12.69,1.2,-0.29,2,0.75,16,19,16.31,94.87,5.65,5.93,11.61,2.885,2.366,134.747,4,12,3.3,57.62,2019-08-06-22:42:39.68,114,14
7957,201908583,2019-08-09-15:30:59.380,29.266,-1.527,11.75,1.1,0.31,3,0.4,19,20,15.08,78.844,2.77,3.43,4.74,1.443,1.126,-35.359,8,11,2.9,56.94,2019-08-09-15:30:42.28,114,17
8055,201908685,2019-08-11-18:38:46.810,29.268,-1.531,13.49,1.0,0.22,4,0.47,21,20,16.67,64.682,2.95,3.88,7.1,1.661,1.135,-24.448,9,12,3.48,34.84,2019-08-11-18:38:30.30,91,14
8225,201908859,2019-08-16-00:29:20.850,29.218,-1.398,18.59,1.1,-0.53,2,0.44,20,20,26.97,104.498,4.28,3.45,4.2,1.947,1.381,89.44,6,14,5.48,59.48,2019-08-16-00:29:06.34,113,7
8278,201908915,2019-08-17-06:34:05.450,29.265,-1.526,16.05,1.1,0.26,4,0.36,17,20,18.6,64.682,3.2,3.64,5.79,1.591,1.361,34.519,7,10,3.64,13.48,2019-08-17-06:33:49.10,69,16
8288,201908925,2019-08-17-17:40:24.100,29.266,-1.537,16.94,1.2,-0.15,4,0.53,19,21,19.37,72.866,3.05,3.72,5.52,1.825,1.172,-31.975,6,13,3.42,28.18,2019-08-17-17:40:07.54,84,17
8359,201909000,2019-08-19-20:40:15.270,29.256,-1.522,13.72,1.0,0.29,4,0.46,23,19,16.16,74.283,4.06,3.16,6.94,1.843,1.349,110.112,11,12,3.2,56.7,2019-08-19-20:39:58.49,113,19
8486,201909128,2019-08-21-03:07:21.180,29.262,-1.497,15.09,1.4,-0.36,3,0.51,13,19,19.75,82.998,3.09,4.03,10.94,1.81,1.196,-22.587,2,11,3.4,34.88,2019-08-21-03:07:04.59,91,10
8559,201909201,2019-08-21-06:59:02.570,29.281,-1.473,18.65,2.1,-0.44,2,0.6,19,19,23.4,74.038,4.29,4.28,6.88,1.996,1.831,52.332,6,13,4.56,39.92,2019-08-21-06:58:47.14,95,6
8688,201909332,2019-08-21-22:05:20.060,29.283,-1.482,20.2,1.1,-0.84,1,0.44,15,19,23.89,78.943,3.72,3.78,5.11,1.871,1.433,54.966,5,10,4.16,39.02,2019-08-21-22:05:04.24,94,0
8827,201909473,2019-08-22-18:15:08.550,29.264,-1.481,19.04,1.8,-0.54,2,0.5,20,20,23.04,77.539,3.43,3.8,4.95,1.755,1.36,4.148,6,14,4.48,29.72,2019-08-22-18:14:53.04,85,6
8879,201909528,2019-08-23-16:31:15.950,29.265,-1.53,15.79,1.1,0.27,4,0.46,22,20,18.6,61.082,2.77,3.41,4.85,1.536,1.108,-0.297,9,13,4.14,39.5,2019-08-23-16:31:00.10,95,12
9005,201909666,2019-08-26-17:15:13.580,29.299,-1.492,20.54,1.8,-0.29,2,0.68,15,20,24.91,87.879,4.57,4.98,6.01,2.49,1.645,-39.937,3,12,4.78,39.02,2019-08-26-17:14:58.38,94,0
9084,201909772,2019-09-01-20:06:24.050,29.209,-1.402,17.48,1.0,-0.63,2,0.46,24,20,25.84,109.167,4.45,3.68,9.72,2.007,1.451,60.758,11,13,4.34,33.56,2019-09-01-20:06:08.40,89,3
9463,201910192,2019-09-10-00:34:18.680,29.268,-1.523,19.02,1.0,0.23,3,0.48,24,20,21.67,70.256,2.47,2.83,4.42,1.163,0.861,-7.841,11,13,4.4,56.08,2019-09-10-00:34:03.09,111,15
9649,201910395,2019-09-13-22:42:01.580,29.271,-1.517,15.64,0.7,0.01,3,0.58,20,20,17.83,76.571,2.55,3.64,6.76,1.553,1.038,0.298,9,11,3.8,29.38,2019-09-13-22:41:45.40,85,1
9684,201910433,2019-09-14-22:10:30.080,29.267,-1.529,14.0,1.0,0.23,3,0.51,21,19,16.67,77.215,2.36,3.91,6.64,1.706,0.897,-14.372,10,11,2.92,34.0,2019-09-14-22:10:13.02,91,19
9738,201910491,2019-09-15-23:33:36.810,29.266,-1.538,16.27,0.7,-0.03,3,0.49,15,19,18.39,79.62,3.46,4.57,7.0,2.197,1.315,-22.687,7,8,3.96,39.12,2019-09-15-23:33:20.79,95,8
9746,201910499,2019-09-16-01:29:53.990,29.266,-1.535,14.0,1.0,-0.1,3,0.22,8,19,16.67,83.07,2.81,3.49,8.61,1.515,1.03,-38.433,8,0,3.8,12.86,2019-09-16-01:29:37.80,69,11
9862,201910624,2019-09-18-22:35:02.780,29.27,-1.539,18.34,1.0,0.01,3,0.56,24,19,20.28,73.447,2.74,4.29,5.48,1.925,1.069,-20.034,12,12,4.26,38.72,2019-09-18-22:34:47.06,94,15
9996,201910769,2019-09-22-22:00:03.320,29.26,-1.535,11.95,0.9,-0.22,2,0.6,20,19,16.67,61.661,2.99,4.4,16.74,1.991,1.117,17.832,10,10,2.8,33.98,2019-09-22-21:59:46.14,91,16
10158,201910952,2019-09-28-01:18:29.850,29.269,-1.531,15.48,0.8,0.14,3,0.58,23,19,18.52,75.059,3.02,2.99,7.23,1.585,1.029,133.312,12,11,3.86,56.82,2019-09-28-01:18:13.72,112,1
10373,201911206,2019-10-04-23:28:11.360,29.28,-1.529,15.24,1.0,0.17,4,0.54,22,20,18.51,73.002,4.16,4.61,6.99,2.115,1.918,0.08,10,12,3.36,38.84,2019-10-04-23:27:54.74,95,8
10913,201911802,2019-10-22-22:40:38.590,29.27,-1.505,16.81,1.2,-0.3,2,0.72,24,20,20.37,72.979,4.04,5.37,6.95,2.511,1.634,-25.729,9,15,4.08,39.64,2019-10-22-22:40:22.68,95,10
11284,201912198,2019-11-03-03:11:53.640,29.267,-1.537,19.59,0.8,0.01,2,0.5,13,19,21.33,75.479,4.08,3.83,9.3,1.866,1.593,120.473,4,9,4.46,20.26,2019-11-03-03:11:38.10,75,13
11381,201912307,2019-11-05-22:19:18.610,29.266,-1.523,15.17,1.0,0.12,3,0.5,27,21,17.9,78.844,2.63,3.09,6.54,1.473,0.963,-41.693,12,15,3.68,31.22,2019-11-05-22:19:02.30,87,13
11449,201912378,2019-11-08-00:40:15.210,29.27,-1.534,16.45,0.9,-0.37,2,0.75,22,21,19.5,68.744,3.81,3.78,7.93,1.765,1.61,127.242,8,14,3.38,38.66,2019-11-08-00:39:58.60,95,4
11744,201912719,2019-11-18-21:24:28.710,29.266,-1.533,16.74,0.8,0.04,3,0.51,21,22,19.56,77.215,3.32,3.33,9.4,1.667,1.098,-40.234,9,12,4.06,20.4,2019-11-18-21:24:12.79,76,16
11746,201912721,2019-11-18-21:54:50.490,29.274,-1.528,19.98,1.0,-0.16,3,0.69,22,22,21.45,75.059,3.69,4.65,6.49,2.158,1.561,-15.949,11,11,4.34,38.42,2019-11-18-21:54:34.84,94,9
11755,201912731,2019-11-19-00:39:09.370,29.259,-1.525,19.34,0.8,-0.29,2,0.71,11,20,21.84,98.634,3.88,4.6,13.97,2.273,1.482,-29.265,4,7,4.1,12.04,2019-11-19-00:38:53.49,67,18
11926,201912921,2019-11-24-19:52:35.880,29.275,-1.53,19.37,1.1,-0.49,2,0.52,17,19,21.45,75.059,4.09,6.89,8.24,3.404,1.481,-19.117,8,9,4.56,56.06,2019-11-24-19:52:20.46,111,9
12387,201913456,2019-12-17-18:34:08.810,29.274,-1.547,13.96,1.1,0.08,3,0.42,19,19,16.18,125.93,3.35,4.69,5.63,2.292,1.139,-27.399,7,12,3.58,39.04,2019-12-17-18:33:52.40,95,8
12453,201913531,2019-12-22-00:28:32.170,29.274,-1.533,20.33,1.1,-0.63,3,0.61,20,19,22.43,67.14,4.07,4.04,6.0,1.952,1.687,-38.167,9,11,4.02,55.14,2019-12-22-00:28:16.20,111,13
12469,201913551,2019-12-22-21:59:36.770,29.259,-1.53,13.25,0.9,-0.33,1,0.52,19,19,15.71,70.601,2.91,2.68,5.73,1.24,1.094,2.617,6,13,3.46,54.06,2019-12-22-21:59:20.24,110,2
12621,201913722,2019-12-30-18:41:27.840,29.264,-1.518,16.54,1.2,-0.45,3,0.62,16,19,18.85,78.844,3.21,3.71,7.68,1.699,1.27,24.255,5,11,4.24,39.52,2019-12-30-18:41:12.10,95,16
