7.812500000000000000e-01 2.332910918555751167e-01 0.000000000000000000e+00 0.000000000000000000e+00
7.812500000000000000e-01 1.824998949279590110e-01 0.000000000000000000e+00 1.000000000000000000e+00
7.812500000000000000e-01 1.965643218890786026e-01 0.000000000000000000e+00 2.000000000000000000e+00
7.812500000000000000e-01 3.038197914147595657e-01 0.000000000000000000e+00 3.000000000000000000e+00
1.171875000000000000e+00 2.033052864052598829e-01 0.000000000000000000e+00 4.000000000000000000e+00
1.171875000000000000e+00 2.566486539257910593e-01 0.000000000000000000e+00 5.000000000000000000e+00
1.171875000000000000e+00 1.133616569974889021e-01 0.000000000000000000e+00 6.000000000000000000e+00
1.171875000000000000e+00 1.458783705912537476e-01 0.000000000000000000e+00 7.000000000000000000e+00
1.562500000000000000e+00 1.676863836340521663e-01 0.000000000000000000e+00 8.000000000000000000e+00
1.562500000000000000e+00 2.030552486998794814e-01 0.000000000000000000e+00 9.000000000000000000e+00
1.562500000000000000e+00 2.973134825488260580e-01 0.000000000000000000e+00 1.000000000000000000e+01
1.562500000000000000e+00 2.138619545179782089e-01 0.000000000000000000e+00 1.100000000000000000e+01
1.562500000000000000e+00 1.591399861161113261e-01 0.000000000000000000e+00 1.200000000000000000e+01
1.562500000000000000e+00 8.468867442409441781e-02 3.010299956639812119e-02 1.300000000000000000e+01
1.562500000000000000e+00 4.411992677999433954e-01 3.010299956639812119e-02 1.400000000000000000e+01
1.562500000000000000e+00 1.536815415058503387e-01 0.000000000000000000e+00 1.500000000000000000e+01
2.343750000000000000e+00 8.699151228714435691e-02 0.000000000000000000e+00 1.600000000000000000e+01
2.734375000000000000e+00 1.957528125401569452e-01 0.000000000000000000e+00 1.700000000000000000e+01
1.015625000000000000e+01 2.290740793744834858e-01 0.000000000000000000e+00 1.800000000000000000e+01
1.093750000000000000e+01 5.579654344691563628e-01 3.010299956639812119e-02 1.900000000000000000e+01
