8.196721311475410054e-01 2.239340597584899284e-01 0.000000000000000000e+00 0.000000000000000000e+00
2.049180327868852736e+00 1.939638894102437838e-01 4.771212547196624493e-02 1.000000000000000000e+00
2.049180327868852736e+00 1.241247483588088507e-01 0.000000000000000000e+00 2.000000000000000000e+00
2.049180327868852736e+00 2.065051340684903036e-01 0.000000000000000000e+00 3.000000000000000000e+00
2.049180327868852736e+00 1.657568013311142008e-01 0.000000000000000000e+00 4.000000000000000000e+00
2.049180327868852736e+00 1.538008647001983531e-01 0.000000000000000000e+00 5.000000000000000000e+00
2.049180327868852736e+00 9.193913510172055381e-02 0.000000000000000000e+00 6.000000000000000000e+00
2.049180327868852736e+00 2.551538270952790621e-01 0.000000000000000000e+00 7.000000000000000000e+00
2.459016393442623016e+00 2.549373314348349351e-01 0.000000000000000000e+00 8.000000000000000000e+00
2.459016393442623016e+00 1.359341039741851498e-01 3.010299956639812119e-02 9.000000000000000000e+00
2.459016393442623016e+00 1.497760950549384684e-01 3.010299956639812119e-02 1.000000000000000000e+01
2.459016393442623016e+00 1.715950519716757106e-01 0.000000000000000000e+00 1.100000000000000000e+01
2.459016393442623016e+00 1.855204360733306301e-01 0.000000000000000000e+00 1.200000000000000000e+01
2.459016393442623016e+00 1.940654693165654310e-01 0.000000000000000000e+00 1.300000000000000000e+01
4.098360655737705471e+00 3.113287565971897819e-01 0.000000000000000000e+00 1.400000000000000000e+01
5.327868852459016757e+00 2.897180143551030262e-01 3.010299956639812119e-02 1.500000000000000000e+01
6.147540983606557319e+00 2.912508784866519318e-01 0.000000000000000000e+00 1.600000000000000000e+01
6.557377049180328044e+00 2.858459471903980198e-01 0.000000000000000000e+00 1.700000000000000000e+01
1.106557377049180424e+01 4.073065369007969894e-01 0.000000000000000000e+00 1.800000000000000000e+01
1.106557377049180424e+01 4.236522964961893511e-01 0.000000000000000000e+00 1.900000000000000000e+01
