[7 202100008 '2021-01-01-03:14:55.130' 29.266 -1.552 15.01 0.9 -0.02 1
 0.37 16 16 16.15 96.446 3.57 5.26 7.55 7 9 3.08 22.34
 '2021-01-01-03:14:38.22' 79 '0.23' '6']
[11 202100012 '2021-01-01-12:29:36.360' 29.315 -1.528 8.87 1.0 0.78 1 0.85
 8 19 10.23 143.131 16.21 13.67 16.33 5 3 2.5 12.36
 '2021-01-01-12:29:18.88' 69 '0.08' '6']
[14 202100015 '2021-01-01-19:39:40.120' 29.269 -1.536 13.74 1.0 -0.06 1
 0.7 15 17 16.36 129.428 3.78 3.41 8.17 8 7 2.92 19.4
 '2021-01-01-19:39:23.06' 76 '0.36' '6']
[17 202100018 '2021-01-01-20:20:02.500' 29.249 -1.519 6.3 0.8 -0.27 1 0.45
 15 16 10.01 142.561 3.64 5.36 6.64 7 8 2.24 19.6 '2021-01-01-20:19:44.76'
 77 '0.19' '6']
[23 202100024 '2021-01-01-22:39:53.290' 29.255 -1.509 8.16 0.7 0.16 1 0.75
 15 16 12.99 146.433 3.08 4.77 13.48 9 6 2.36 23.0
 '2021-01-01-22:39:35.66' 80 '-0.05' '6']
[25 202100026 '2021-01-01-23:13:26.000' 29.264 -1.517 11.09 1.3 -0.66 1
 0.57 14 15 14.57 143.282 3.96 3.88 5.07 4 10 3.42 29.46
 '2021-01-01-23:13:09.44' 86 '-0.45' '5']
[30 202100031 '2021-01-02-02:26:42.470' 29.263 -1.559 9.13 0.8 -0.17 1 0.5
 14 16 11.22 155.94 4.59 5.75 4.5 5 9 2.38 54.9 '2021-01-02-02:26:24.86'
 112 '-0.12' '6']
[31 202100032 '2021-01-02-02:30:56.530' 29.272 -1.511 14.16 1.4 -0.52 1
 0.42 15 16 17.22 140.1 4.55 4.54 6.14 3 12 3.48 23.84
 '2021-01-02-02:30:40.02' 80 '-0.41' '5']
[36 202100037 '2021-01-02-07:09:34.730' 28.975 -1.948 8.07 1.4 0.74 1 0.77
 15 19 11.1 92.858 4.92 2.33 11.9 4 11 2.62 49.2 '2021-01-02-07:09:17.36'
 106 '-0.26' '5']
[37 202100038 '2021-01-02-12:10:42.190' 29.284 -1.504 14.73 1.9 -0.31 1
 0.54 13 19 17.24 133.611 6.64 7.26 5.89 3 10 3.36 52.34
 '2021-01-02-12:10:25.56' 108 '-0.46' '5']
[93 202100097 '2021-01-07-00:42:43.050' 29.258 -1.547 13.32 1.0 -0.34 1
 0.56 13 17 15.28 128.494 2.68 3.06 3.6 6 7 2.66 38.52
 '2021-01-07-00:42:25.72' 95 '-0.09' '6']
[97 202100101 '2021-01-07-02:37:13.130' 29.261 -1.539 12.57 0.7 -0.19 1
 0.41 9 17 14.5 142.831 6.6 4.83 6.29 4 5 2.78 19.24
 '2021-01-07-02:36:55.92' 76 '-0.23' '6']
[113 202100120 '2021-01-08-19:27:44.360' 29.292 -1.53 13.06 1.1 -0.01 1
 0.38 11 19 15.65 162.003 5.33 6.68 5.89 1 10 3.04 53.08
 '2021-01-08-19:27:27.40' 110 '-0.52' '3']
[119 202100126 '2021-01-08-22:52:41.410' 29.282 -1.532 12.73 1.3 -0.32 1
 0.62 9 18 18.13 136.878 7.83 12.8 11.4 2 7 3.08 29.02
 '2021-01-08-22:52:24.50' 85 '-0.36' '5']
[122 202100129 '2021-01-09-00:39:40.080' 29.248 -1.521 -2.55 0.9 0.03 1
 0.31 18 16 1.3 145.559 1.57 2.06 1.74 11 7 0.28 33.82
 '2021-01-09-00:39:20.36' 93 '0.1' '6']
[125 202100132 '2021-01-09-01:31:55.030' 29.258 -1.544 12.56 1.1 0.01 1
 0.51 17 16 15.28 81.686 3.97 3.55 9.64 9 8 2.64 27.84
 '2021-01-09-01:31:37.68' 85 '0.27' '6']
[129 202100136 '2021-01-09-17:38:00.610' 29.286 -1.618 10.2 0.9 0.41 1
 0.64 10 15 11.85 160.97 3.22 11.31 17.05 6 4 2.88 32.06
 '2021-01-09-17:37:43.50' 89 '0.34' '6']
[156 202100165 '2021-01-11-00:32:07.420' 29.262 -1.542 12.46 0.8 -0.1 1
 0.48 13 15 17.41 132.156 4.51 3.3 9.29 6 7 2.9 56.78
 '2021-01-11-00:31:50.32' 113 '0.02' '6']
[164 202100173 '2021-01-11-21:15:16.980' 29.256 -1.525 -2.27 1.0 0.33 1
 0.58 19 15 0.68 142.561 2.28 2.14 1.88 10 9 1.22 57.28
 '2021-01-11-21:14:58.20' 116 '0.2' '6']
[182 202100192 '2021-01-13-03:24:56.080' 29.261 -1.528 15.45 1.0 0.07 1
 0.54 20 17 18.6 77.215 4.48 2.63 10.09 9 11 3.1 28.48
 '2021-01-13-03:24:39.18' 85 '0.12' '6']
[183 202100193 '2021-01-13-04:24:07.940' 29.241 -1.493 5.05 1.2 -0.17 1
 0.85 17 17 11.34 105.613 5.43 3.76 15.46 6 11 2.9 59.82
 '2021-01-13-04:23:50.84' 116 '-0.53' '5']
[193 202100203 '2021-01-13-23:03:35.020' 29.255 -1.526 13.86 0.9 -0.35 1
 0.53 18 17 14.92 79.479 4.77 2.45 12.48 7 11 2.9 33.76
 '2021-01-13-23:03:17.92' 90 '-0.12' '6']
[244 202100256 '2021-01-16-19:37:12.380' 29.262 -1.522 18.19 1.3 -0.18 1
 0.39 15 17 20.77 78.844 3.31 2.97 4.85 9 6 3.94 38.92
 '2021-01-16-19:36:56.32' 94 '0.07' '6']
[254 202100268 '2021-01-17-00:38:39.480' 29.26 -1.515 13.39 0.9 -0.3 1
 0.45 17 15 16.02 78.844 3.41 3.6 7.52 8 9 3.28 29.28
 '2021-01-17-00:38:22.76' 85 '-0.2' '6']
[258 202100272 '2021-01-17-01:57:46.230' 29.254 -1.527 17.36 1.1 -0.01 1
 0.5 16 14 19.68 115.639 4.24 2.8 5.89 6 10 3.6 28.4
 '2021-01-17-01:57:29.84' 84 '0.16' '6']
[268 202100283 '2021-01-17-20:21:54.420' 29.265 -1.524 16.74 1.1 -0.36 1
 0.42 16 18 19.81 128.068 3.38 3.07 4.8 7 9 3.82 39.1
 '2021-01-17-20:21:38.26' 95 '-0.08' '6']
[269 202100284 '2021-01-17-20:50:59.190' 29.254 -1.519 15.01 1.2 -0.07 1
 0.54 16 18 18.03 81.234 3.19 3.37 4.85 4 12 3.28 39.22
 '2021-01-17-20:50:42.48' 95 '-0.07' '5']
[272 202100287 '2021-01-17-22:40:38.340' 29.254 -1.528 14.42 1.0 0.01 1
 0.56 20 17 16.81 79.479 2.37 2.34 3.45 10 10 3.22 39.26
 '2021-01-17-22:40:21.58' 96 '0.03' '6']
[277 202100293 '2021-01-18-01:07:24.150' 29.27 -1.534 18.27 1.0 -0.11 1
 0.74 14 18 22.43 75.059 4.85 4.33 12.44 4 10 3.66 55.52
 '2021-01-18-01:07:07.82' 111 '0.04' '6']
[289 202100305 '2021-01-18-20:13:06.760' 29.275 -1.518 19.39 1.2 -0.01 1
 0.67 19 19 21.67 76.571 4.99 4.65 5.28 9 10 4.48 39.06
 '2021-01-18-20:12:51.26' 94 '-0.1' '6']
[299 202100315 '2021-01-19-00:02:51.570' 29.291 -1.522 17.45 0.8 0.01 1
 0.82 11 17 18.77 82.893 8.13 5.28 11.55 4 7 3.96 12.84
 '2021-01-19-00:02:35.54' 68 '-0.02' '6']
[301 202100317 '2021-01-19-00:40:32.250' 29.25 -1.533 16.35 0.8 -0.57 1
 0.74 14 17 17.95 81.86 3.62 2.97 6.53 6 8 3.46 19.76
 '2021-01-19-00:40:15.72' 76 '-0.3' '5']
[302 202100318 '2021-01-19-00:42:24.480' 29.245 -1.522 6.44 0.7 -0.26 1
 0.64 17 17 10.34 83.75 4.59 3.73 6.96 6 11 2.22 58.5
 '2021-01-19-00:42:06.70' 116 '-0.2' '5']
[308 202100325 '2021-01-19-03:04:55.070' 29.248 -1.529 12.27 1.1 -0.75 1
 0.55 18 17 15.14 81.86 3.37 2.42 6.94 7 11 2.66 22.32
 '2021-01-19-03:04:37.74' 79 '-0.09' '6']
[322 202100339 '2021-01-20-01:08:19.800' 29.257 -1.534 14.39 1.0 -0.17 1
 0.53 19 18 17.76 79.479 3.0 2.82 4.51 9 10 3.68 20.16
 '2021-01-20-01:08:03.48' 76 '0.08' '6']
[392 202100411 '2021-01-23-20:54:07.580' 29.245 -1.527 9.43 0.8 -0.48 1
 0.57 13 17 11.54 99.758 3.72 2.77 9.0 7 6 2.7 19.54
 '2021-01-23-20:53:50.28' 76 '-0.0' '6']
[393 202100412 '2021-01-23-21:33:36.050' 29.261 -1.529 15.83 0.9 -0.38 1
 0.58 22 17 18.6 77.215 3.06 2.78 6.87 10 12 3.24 22.84
 '2021-01-23-21:33:19.30' 79 '-0.26' '5']
[394 202100413 '2021-01-23-21:57:49.570' 29.188 -1.351 13.3 1.7 -0.73 1
 0.78 10 17 20.64 112.85 9.27 10.46 19.31 4 6 3.96 53.26
 '2021-01-23-21:57:33.54' 109 '-0.51' '5']
[395 202100414 '2021-01-23-22:52:24.050' 29.259 -1.53 16.87 0.9 -0.6 1
 0.42 15 16 19.56 77.215 3.29 2.37 6.63 5 10 3.4 19.74
 '2021-01-23-22:52:07.46' 76 '-0.13' '5']
[401 202100420 '2021-01-24-01:11:22.240' 29.261 -1.521 1.06 0.7 -0.31 1
 0.57 18 16 4.52 64.682 4.24 3.87 6.37 9 9 1.0 59.18
 '2021-01-24-01:11:03.24' 118 '-0.24' '6']
[402 202100421 '2021-01-24-01:15:18.240' 29.271 -1.545 13.45 0.9 -0.49 1
 0.4 9 16 16.0 99.972 10.75 11.22 7.44 6 3 2.84 56.14
 '2021-01-24-01:15:01.08' 113 '-0.3' '5']
[420 202100439 '2021-01-25-00:18:25.640' 29.243 -1.495 10.16 0.9 -0.16 1
 0.6 16 17 14.61 105.613 8.03 5.86 9.79 7 9 3.2 58.52
 '2021-01-25-00:18:08.84' 115 '-0.12' '6']
[444 202100464 '2021-01-26-02:31:27.090' 29.258 -1.53 13.92 0.8 0.27 1
 0.53 17 17 15.86 79.479 6.57 6.32 8.11 8 9 2.94 56.26
 '2021-01-26-02:31:10.04' 113 '-0.03' '6']
[459 202100479 '2021-01-27-01:33:06.250' 29.257 -1.53 15.67 1.1 -0.23 1
 0.43 19 16 17.76 79.479 2.76 2.38 6.29 11 8 3.46 28.52
 '2021-01-27-01:32:49.72' 85 '0.12' '6']
[477 202100497 '2021-01-28-00:10:39.040' 29.264 -1.528 14.66 0.8 -0.1 1
 0.47 17 18 17.63 77.215 2.73 2.77 5.3 8 9 3.06 19.56
 '2021-01-28-00:10:22.10' 76 '0.07' '6']
[487 202100507 '2021-01-28-03:20:41.020' 29.216 -1.525 0.87 1.0 -0.64 1
 0.5 14 18 12.76 84.367 4.24 2.41 11.88 6 8 1.36 59.08
 '2021-01-28-03:20:22.38' 117 '-0.09' '6']
[504 202100525 '2021-01-29-01:42:35.260' 29.268 -1.476 19.95 1.2 -0.49 1
 0.48 15 17 27.05 94.981 6.91 4.81 12.56 7 8 4.4 34.9
 '2021-01-29-01:42:19.66' 90 '-0.95' '3']
[535 202100556 '2021-01-30-21:00:33.180' 29.255 -1.531 15.33 1.0 -0.15 1
 0.27 16 18 17.76 79.479 2.86 2.32 4.78 8 8 3.22 19.6
 '2021-01-30-21:00:16.40' 76 '-0.1' '6']
[584 202100607 '2021-02-01-23:39:18.620' 29.256 -1.527 13.73 1.0 0.0 1
 0.61 15 17 18.6 77.215 3.83 3.08 11.97 10 5 3.5 19.98
 '2021-02-01-23:39:02.14' 76 '0.15' '6']
[592 202100615 '2021-02-02-02:50:15.250' 29.265 -1.523 14.95 1.2 -0.26 1
 0.53 18 17 17.9 128.068 4.23 2.86 9.04 9 9 3.32 20.06
 '2021-02-02-02:49:58.58' 76 '-0.07' '6']
[604 202100627 '2021-02-02-22:30:15.570' 29.226 -1.387 12.87 1.1 -0.17 1
 0.74 20 20 22.27 107.881 3.88 6.42 11.03 7 13 4.3 52.86
 '2021-02-02-22:29:59.88' 108 '-0.68' '0']
[626 202100650 '2021-02-04-03:27:46.130' 29.263 -1.524 15.71 1.2 0.01 1
 0.44 17 17 18.85 93.974 4.56 3.28 5.94 5 12 3.36 38.94
 '2021-02-04-03:27:29.50' 95 '-0.04' '6']
[675 202100702 '2021-02-07-02:12:50.280' 29.253 -1.522 9.44 1.0 -0.13 1
 0.31 10 16 11.13 145.559 4.12 2.96 10.59 7 3 2.4 7.84
 '2021-02-07-02:12:32.68' 65 '0.01' '6']
[699 202100727 '2021-02-08-22:38:50.440' 29.254 -1.516 11.5 0.8 -0.23 1
 0.41 14 14 14.72 82.862 2.38 2.17 7.0 6 8 2.94 23.3
 '2021-02-08-22:38:33.38' 80 '0.01' '6']
[726 202100754 '2021-02-10-19:16:03.140' 29.264 -1.521 18.48 1.0 0.1 1
 0.51 20 19 19.56 77.215 3.5 4.85 7.51 9 11 3.7 38.68
 '2021-02-10-19:15:46.84' 94 '-0.02' '6']
[728 202100756 '2021-02-10-20:10:48.200' 29.244 -1.479 19.31 1.3 -0.4 1
 0.75 11 19 21.91 161.645 4.74 3.95 6.45 3 8 4.16 19.14
 '2021-02-10-20:10:32.36' 74 '-0.47' '5']
[744 202100773 '2021-02-11-20:18:23.790' 29.26 -1.529 13.58 1.0 -0.25 1
 0.69 12 18 16.67 77.215 5.72 7.22 7.8 10 2 3.64 56.96
 '2021-02-11-20:18:07.44' 113 '-0.04' '6']
[746 202100775 '2021-02-11-20:48:55.340' 29.264 -1.532 15.11 1.0 -0.05 1
 0.38 21 17 17.63 77.215 2.56 2.41 5.51 9 12 3.36 23.06
 '2021-02-11-20:48:38.72' 79 '0.02' '6']
[756 202100785 '2021-02-12-02:20:28.690' 29.261 -1.526 13.98 1.0 -0.12 1
 0.78 18 17 14.92 79.479 6.51 4.71 14.55 7 11 3.54 53.78
 '2021-02-12-02:20:12.24' 110 '0.03' '6']
[759 202100789 '2021-02-12-08:16:17.320' 29.186 -1.924 7.34 1.9 0.62 1
 0.56 26 20 22.71 51.057 4.6 3.12 8.86 12 14 4.22 62.04
 '2021-02-12-08:16:01.54' 117 '-0.07' '6']
[776 202100806 '2021-02-13-03:32:52.180' 29.262 -1.527 17.58 1.0 -0.2 1
 0.69 10 16 19.56 120.014 4.48 3.37 5.04 3 7 3.7 23.1
 '2021-02-13-03:32:35.88' 79 '-0.07' '6']
[792 202100822 '2021-02-14-03:32:40.250' 29.259 -1.53 15.99 1.1 -0.24 1
 0.45 16 17 19.56 123.308 6.66 3.19 15.34 6 10 3.44 23.04
 '2021-02-14-03:32:23.70' 79 '-0.1' '6']
[808 202100838 '2021-02-15-20:25:16.370' 29.281 -1.557 16.38 1.0 -0.17 1
 0.52 19 19 18.16 70.992 10.38 7.92 9.8 9 10 3.46 37.98
 '2021-02-15-20:24:59.84' 94 '0.31' '6']
[818 202100848 '2021-02-16-14:51:45.370' 29.259 -1.526 19.39 1.3 0.3 1
 0.63 16 20 21.51 87.25 3.86 4.34 6.35 8 8 4.06 55.56
 '2021-02-16-14:51:29.44' 111 '-0.04' '6']
[834 202100865 '2021-02-17-01:41:51.050' 29.261 -1.527 13.49 0.9 -0.44 1
 0.53 20 18 16.67 77.215 2.93 3.04 3.89 9 11 2.74 53.34
 '2021-02-17-01:41:33.80' 110 '-0.04' '6']
[847 202100880 '2021-02-17-20:19:22.360' 29.253 -1.536 13.82 0.8 -0.26 1
 0.47 21 20 15.61 77.608 3.42 4.16 6.25 8 13 3.2 39.04
 '2021-02-17-20:19:05.58' 95 '-0.05' '6']
[849 202100882 '2021-02-17-21:58:42.440' 29.306 -1.59 5.17 1.0 -0.4 1 0.9
 12 19 10.61 76.504 10.68 8.2 13.88 4 8 1.82 55.2 '2021-02-17-21:58:24.28'
 113 '-0.53' '5']
[936 202100972 '2021-02-22-22:07:13.050' 29.281 -1.522 18.08 0.9 -0.01 1
 0.47 15 16 20.69 82.893 5.2 3.73 10.93 7 8 3.6 23.5
 '2021-02-22-22:06:56.66' 79 '-0.1' '6']
[945 202100981 '2021-02-23-02:51:51.080' 29.253 -1.512 8.96 1.0 0.3 1 0.52
 22 16 12.99 82.862 2.83 2.87 5.31 10 12 2.28 57.7
 '2021-02-23-02:51:33.36' 115 '0.3' '6']
[979 202101016 '2021-02-24-22:59:58.110' 29.256 -1.525 15.12 0.9 0.05 1
 0.61 16 18 18.03 98.951 2.89 3.72 5.37 5 11 3.2 53.08
 '2021-02-24-22:59:41.32' 109 '-0.03' '6']
[999 202101037 '2021-02-25-23:03:40.270' 29.27 -1.537 19.12 1.0 -0.14 1
 0.44 17 19 15.86 79.479 5.52 3.45 12.61 8 9 3.92 38.08
 '2021-02-25-23:03:24.20' 94 '-0.1' '6']
[1001 202101039 '2021-02-26-00:23:15.560' 29.266 -1.504 14.07 1.4 -0.7 1
 0.82 20 18 16.73 83.338 12.05 9.27 8.19 8 12 3.58 57.42
 '2021-02-26-00:22:59.14' 113 '-0.58' '3']
[1007 202101045 '2021-02-26-01:44:37.380' 29.256 -1.531 14.7 0.9 -0.08 1
 0.49 17 18 17.76 79.479 2.83 2.98 4.65 6 11 3.42 19.8
 '2021-02-26-01:44:20.80' 76 '0.06' '6']
[1023 202101063 '2021-02-27-01:05:41.670' 29.29 -1.495 2.55 0.9 0.16 1
 0.71 8 18 12.34 157.386 9.62 9.18 17.35 0 8 2.34 54.86
 '2021-02-27-01:05:24.02' 112 '0.09' '6']
[1026 202101066 '2021-02-27-02:50:16.370' 29.262 -1.526 12.78 1.1 -0.14 1
 0.54 20 18 16.96 139.549 4.26 6.29 8.6 8 12 3.06 39.32
 '2021-02-27-02:49:59.44' 96 '0.17' '6']
[1039 202101084 '2021-02-27-22:17:41.470' 29.245 -1.525 9.02 1.1 0.17 1
 0.56 22 17 12.47 83.75 3.93 2.96 8.01 9 13 2.6 57.9
 '2021-02-27-22:17:24.08' 115 '0.11' '6']
[1040 202101085 '2021-02-27-22:58:08.030' 29.258 -1.471 7.62 1.1 -0.44 1
 0.45 11 17 14.58 85.913 4.84 4.35 5.29 2 9 2.62 58.96
 '2021-02-27-22:57:50.66' 116 '-0.42' '5']
[1041 202101086 '2021-02-27-23:04:38.650' 29.249 -1.529 7.09 1.8 -0.36 1
 0.71 9 17 16.33 103.641 13.03 6.91 17.0 0 9 2.42 55.3
 '2021-02-27-23:04:21.08' 112 '-0.53' '5']
[1057 202101102 '2021-02-28-20:55:43.320' 29.271 -1.514 18.55 1.1 -0.23 1
 0.58 15 19 21.94 135.127 4.2 4.61 5.02 7 8 4.08 38.86
 '2021-02-28-20:55:27.42' 94 '0.01' '6']
[1073 202101118 '2021-03-01-19:35:20.380' 29.261 -1.526 15.37 1.1 -0.25 1
 0.43 14 20 17.63 77.215 3.0 3.29 4.76 5 9 3.4 56.36
 '2021-03-01-19:35:03.78' 112 '0.01' '6']
[1077 202101123 '2021-03-01-21:23:45.080' 29.279 -1.524 16.1 1.1 -0.06 1
 0.84 15 20 21.94 90.197 6.32 8.21 14.73 5 10 3.3 38.66
 '2021-03-01-21:23:28.38' 95 '0.14' '6']
[1086 202101133 '2021-03-02-01:54:05.180' 29.258 -1.524 16.61 1.2 -0.35 1
 0.51 23 19 18.98 81.234 3.94 3.6 6.28 11 12 3.58 38.86
 '2021-03-02-01:53:48.76' 95 '0.08' '6']
[1109 202101156 '2021-03-03-03:48:19.990' 29.259 -1.476 8.73 1.3 -0.45 1
 0.76 14 18 16.92 93.226 5.01 5.08 16.98 1 13 3.58 59.48
 '2021-03-03-03:48:03.58' 115 '-0.53' '3']
[1110 202101157 '2021-03-03-04:34:12.150' 29.264 -1.507 15.35 1.4 -0.54 1
 0.89 16 18 21.31 140.073 7.95 6.03 13.17 7 9 3.34 29.3
 '2021-03-03-04:33:55.50' 85 '-0.31' '5']
[1112 202101159 '2021-03-03-17:19:52.310' 29.248 -1.532 12.96 1.1 -0.02 1
 0.44 11 17 15.14 81.86 3.93 2.38 7.6 3 8 3.06 28.3
 '2021-03-03-17:19:35.38' 85 '0.01' '6']
[1117 202101164 '2021-03-03-20:33:15.430' 29.252 -1.524 10.48 0.9 -0.76 1
 0.79 14 17 14.32 81.234 3.35 2.79 6.08 3 11 2.72 57.62
 '2021-03-03-20:32:58.16' 114 '-0.15' '6']
[1123 202101170 '2021-03-03-23:06:58.080' 29.248 -1.522 6.22 0.9 -0.07 1
 0.69 17 17 9.43 81.234 4.46 3.53 7.18 7 10 1.7 55.0
 '2021-03-03-23:06:39.78' 113 '0.08' '6']
[1129 202101176 '2021-03-04-01:42:14.050' 29.249 -1.525 11.12 0.8 -0.47 1
 0.59 17 17 14.55 124.068 3.75 3.8 8.36 5 12 2.5 57.06
 '2021-03-04-01:41:56.56' 114 '-0.28' '5']
[1143 202101190 '2021-03-04-23:17:08.580' 29.275 -1.533 17.35 1.2 -0.41 1
 0.45 8 17 20.47 132.954 5.55 4.13 9.26 7 1 3.92 9.36
 '2021-03-04-23:16:52.50' 65 '0.14' '6']
[1151 202101198 '2021-03-05-02:53:19.350' 29.26 -1.532 16.72 1.1 -0.41 1
 0.39 19 17 19.56 77.215 3.18 2.64 5.35 8 11 3.7 33.78
 '2021-03-05-02:53:03.06' 90 '0.14' '6']
[1160 202101208 '2021-03-05-20:55:32.530' 29.26 -1.528 16.69 1.4 -0.09 1
 0.5 20 18 17.63 77.215 2.97 2.55 8.1 11 9 3.88 38.96
 '2021-03-05-20:55:16.42' 95 '0.08' '6']
[1168 202101217 '2021-03-06-02:04:19.070' 29.275 -1.528 17.93 1.0 0.06 1
 0.61 13 17 20.47 75.1 6.07 3.97 9.68 1 12 3.58 23.14
 '2021-03-06-02:04:02.66' 79 '-0.01' '6']
[1204 202101253 '2021-03-08-17:01:15.040' 29.261 -1.527 15.43 1.2 0.28 1
 0.45 18 20 18.6 77.215 2.85 2.88 6.62 9 9 3.06 56.02
 '2021-03-08-17:00:58.10' 112 '0.09' '6']
[1206 202101255 '2021-03-08-19:34:36.020' 29.27 -1.533 14.18 1.0 0.22 1
 0.59 17 19 17.55 86.373 4.36 3.62 6.39 7 10 2.86 38.74
 '2021-03-08-19:34:18.88' 95 '0.26' '6']
[1222 202101273 '2021-03-09-22:00:11.860' 29.24 -1.52 7.71 0.8 0.07 1 0.68
 13 17 9.96 88.291 5.48 5.85 18.22 6 7 2.88 11.02 '2021-03-09-21:59:54.74'
 68 '0.19' '6']
[1229 202101280 '2021-03-10-02:19:58.100' 29.256 -1.529 13.93 0.8 -0.11 1
 0.38 11 17 16.81 79.479 3.67 3.43 6.11 1 10 2.98 22.62
 '2021-03-10-02:19:41.08' 79 '0.07' '6']
[1234 202101285 '2021-03-10-12:05:55.830' 29.262 -1.49 16.29 1.7 -0.81 1
 0.73 16 20 19.91 97.406 4.75 4.16 6.81 5 11 4.22 57.5
 '2021-03-10-12:05:40.06' 113 '-0.49' '3']
[1253 202101305 '2021-03-11-20:17:31.430' 29.276 -1.439 12.59 1.3 -0.84 1
 0.83 12 19 19.65 167.283 11.18 10.56 7.99 5 7 3.92 25.86
 '2021-03-11-20:17:15.36' 81 '-0.81' '0']
[1262 202101315 '2021-03-12-18:14:59.010' 29.275 -1.561 12.19 1.1 0.04 1
 0.54 18 19 15.07 100.844 5.72 7.78 8.05 7 11 2.42 38.26
 '2021-03-12-18:14:41.44' 95 '-0.15' '6']
[1268 202101322 '2021-03-13-00:25:56.170' 29.279 -1.543 15.69 1.1 0.2 1
 0.52 25 19 18.3 86.885 4.2 4.41 6.54 10 15 3.3 38.28
 '2021-03-13-00:25:39.48' 94 '-0.04' '6']
[1275 202101329 '2021-03-13-17:44:37.420' 29.265 -1.548 14.04 1.2 0.5 1
 0.49 11 19 18.39 132.156 3.41 6.6 9.71 3 8 3.2 19.34
 '2021-03-13-17:44:20.62' 76 '0.13' '6']
[1280 202101334 '2021-03-13-21:58:46.260' 29.273 -1.538 16.15 1.1 0.05 1
 0.26 16 19 18.32 129.428 3.71 3.44 5.27 8 8 3.4 38.46
 '2021-03-13-21:58:29.66' 95 '0.09' '6']
[1284 202101338 '2021-03-14-00:12:46.760' 29.272 -1.537 15.91 1.2 0.25 1
 0.55 12 19 18.32 129.428 3.67 4.46 4.77 3 9 3.9 38.96
 '2021-03-14-00:12:30.66' 95 '0.05' '6']
[1308 202101363 '2021-03-15-19:12:42.030' 29.269 -1.534 5.27 1.0 0.29 1
 0.69 17 18 12.88 135.841 5.32 6.99 15.8 5 12 1.44 57.96
 '2021-03-15-19:12:23.48' 116 '0.05' '6']
[1360 202101416 '2021-03-20-21:05:26.300' 29.274 -1.53 16.82 1.1 -0.12 1
 0.54 18 19 21.45 132.954 4.97 6.57 12.25 8 10 3.64 30.3
 '2021-03-20-21:05:09.94' 86 '0.11' '6']
[1371 202101427 '2021-03-21-02:45:05.270' 29.264 -1.537 16.4 1.0 -0.07 1
 0.46 22 18 19.56 135.841 3.25 4.57 6.38 10 12 3.42 38.58
 '2021-03-21-02:44:48.70' 95 '0.04' '6']
[1372 202101428 '2021-03-21-14:35:50.400' 29.248 -1.529 -2.04 1.9 0.32 1
 0.39 21 19 0.63 121.079 2.27 2.47 2.34 12 9 0.7 59.76
 '2021-03-21-14:35:31.10' 119 '-0.29' '5']
[1374 202101430 '2021-03-21-19:38:42.770' 29.27 -1.57 10.85 1.0 -0.02 1
 0.64 15 17 13.03 129.854 2.95 4.33 4.32 7 8 3.0 19.04
 '2021-03-21-19:38:25.78' 76 '0.18' '6']
[1388 202101444 '2021-03-22-21:09:30.550' 29.266 -1.558 13.28 0.9 0.03 1
 0.89 14 16 15.16 96.446 3.9 6.63 5.9 8 6 3.14 22.4
 '2021-03-22-21:09:13.70' 79 '-0.05' '6']
[1394 202101450 '2021-03-23-01:00:47.350' 29.268 -1.548 16.15 1.0 0.01 1
 0.46 15 15 18.06 122.46 3.3 7.17 8.88 9 6 3.46 22.78
 '2021-03-23-01:00:30.82' 79 '0.15' '6']
[1396 202101452 '2021-03-23-02:16:19.280' 29.263 -1.563 10.53 0.9 0.26 1
 0.27 12 15 12.13 174.4 2.93 4.58 6.5 7 5 2.52 16.64
 '2021-03-23-02:16:01.80' 74 '0.15' '6']
[1435 202101493 '2021-03-26-02:58:56.650' 29.318 -1.547 11.62 1.2 -0.77 1
 0.6 10 16 14.54 115.374 6.48 7.1 12.31 0 10 3.18 34.7
 '2021-03-26-02:58:39.84' 91 '-0.62' '3']
[1439 202101497 '2021-03-26-17:51:45.180' 29.273 -1.548 14.83 1.1 0.01 1
 0.73 9 18 16.18 174.753 3.68 5.11 8.37 1 8 3.12 28.26
 '2021-03-26-17:51:28.30' 85 '0.08' '6']
[1441 202101499 '2021-03-26-19:32:26.690' 29.289 -1.533 12.45 1.4 -0.44 1
 0.68 15 18 15.65 145.038 4.65 6.25 8.76 6 9 3.2 39.46
 '2021-03-26-19:32:09.90' 96 '-0.4' '5']
[1447 202101505 '2021-03-26-22:58:53.490' 29.293 -1.551 12.02 1.0 -0.22 1
 0.66 12 17 15.22 131.027 4.24 5.32 11.6 5 7 2.92 23.0
 '2021-03-26-22:58:36.42' 80 '-0.11' '6']
[1450 202101508 '2021-03-27-00:08:47.150' 29.273 -1.55 8.31 0.9 -0.01 1
 0.64 9 16 10.29 132.537 3.96 4.13 5.03 3 6 1.9 54.46
 '2021-03-27-00:08:29.06' 112 '-0.19' '5']
[1466 202101524 '2021-03-27-22:02:31.160' 29.252 -1.513 15.88 1.0 0.13 1
 0.62 13 14 18.98 142.561 6.4 8.92 13.69 6 7 3.46 20.2
 '2021-03-27-22:02:14.62' 76 '0.07' '6']
[1473 202101531 '2021-03-28-00:10:19.060' 29.266 -1.54 14.81 1.0 0.27 1
 0.45 12 13 17.41 132.156 3.72 3.04 6.31 6 6 3.04 19.32
 '2021-03-28-00:10:02.10' 76 '0.32' '6']
[1480 202101539 '2021-03-28-19:09:48.100' 29.272 -1.538 14.2 1.1 0.05 1
 0.46 12 18 16.36 138.531 3.14 4.55 5.73 4 8 2.9 38.58
 '2021-03-28-19:09:31.00' 95 '-0.01' '6']
[1500 202101560 '2021-03-30-17:29:08.370' 29.275 -1.557 10.2 1.0 -0.07 1
 0.52 12 17 11.0 127.344 6.23 5.63 10.12 4 8 2.44 22.22
 '2021-03-30-17:28:50.82' 79 '-0.06' '6']
[1511 202101571 '2021-03-31-02:43:10.710' 29.261 -1.537 13.88 1.0 0.04 1
 0.59 12 17 18.39 72.866 3.92 4.38 12.03 6 6 3.52 31.06
 '2021-03-31-02:42:54.24' 87 '0.13' '6']
[1512 202101572 '2021-03-31-15:32:32.810' 29.279 -1.504 11.33 1.8 -0.6 1
 0.84 11 19 14.92 140.364 6.4 7.19 5.77 3 8 3.36 40.56
 '2021-03-31-15:32:16.18' 97 '-0.25' '5']
[1519 202101582 '2021-04-01-02:08:29.160' 29.27 -1.539 13.59 1.1 0.23 1
 0.5 16 17 16.36 129.428 4.41 3.68 9.34 7 9 2.96 17.58
 '2021-04-01-02:08:12.12' 74 '0.33' '6']
[1531 202101594 '2021-04-02-03:30:34.070' 29.257 -1.525 8.37 0.9 0.14 1
 0.64 18 16 10.01 142.561 5.63 5.46 15.93 9 9 2.04 22.54
 '2021-04-02-03:30:16.12' 80 '0.11' '6']
[1532 202101596 '2021-04-02-16:43:44.240' 29.085 -2.195 17.43 2.1 0.6 1
 0.54 31 19 24.55 88.6 4.69 2.65 6.88 15 16 4.32 33.36
 '2021-04-02-16:43:28.56' 89 '-0.21' '5']
[1540 202101605 '2021-04-02-23:01:55.140' 29.271 -1.565 14.27 1.1 -0.64 1
 0.43 16 17 16.02 100.31 2.89 4.05 3.47 7 9 2.88 55.4
 '2021-04-02-23:01:38.02' 112 '-0.16' '6']
[1541 202101606 '2021-04-02-23:52:23.700' 29.265 -1.505 17.17 1.0 -0.41 1
 0.7 11 16 21.37 172.423 4.95 6.58 4.97 2 9 4.2 56.96
 '2021-04-02-23:52:07.90' 112 '-0.38' '5']
[1544 202101609 '2021-04-03-00:53:36.140' 29.259 -1.532 12.36 0.8 -0.22 1
 0.53 14 16 13.98 138.705 3.71 3.18 9.04 6 8 2.66 19.46
 '2021-04-03-00:53:18.80' 76 '-0.13' '5']
[1558 202101624 '2021-04-04-01:59:44.290' 29.281 -1.541 15.93 1.7 -0.9 1
 0.46 15 18 19.28 126.672 4.9 4.87 7.36 8 7 3.42 38.4
 '2021-04-04-01:59:27.72' 94 '0.08' '6']
[1577 202101643 '2021-04-05-01:23:10.260' 29.259 -1.524 7.31 1.0 0.12 1
 0.59 12 17 10.01 142.561 5.0 5.11 13.37 3 9 2.06 22.84
 '2021-04-05-01:22:52.32' 80 '0.17' '6']
[1588 202101654 '2021-04-05-20:52:42.140' 29.275 -1.543 13.86 1.0 -0.29 1
 0.55 20 17 16.36 78.161 3.46 3.23 4.81 7 13 2.94 38.62
 '2021-04-05-20:52:25.08' 95 '-0.03' '6']
[1595 202101661 '2021-04-06-03:20:44.660' 29.279 -1.558 11.63 1.1 0.1 1
 0.28 7 16 19.14 161.605 7.81 10.77 19.69 5 2 3.06 28.5
 '2021-04-06-03:20:27.72' 85 '0.14' '6']
[1611 202101677 '2021-04-08-00:01:05.010' 29.266 -1.542 14.17 0.9 -0.14 1
 0.48 17 17 16.44 132.156 3.19 3.73 5.81 4 13 2.82 30.36
 '2021-04-08-00:00:47.84' 87 '-0.17' '6']
[1612 202101678 '2021-04-08-00:07:39.530' 29.3 -1.519 18.79 1.0 -0.58 1
 0.73 13 17 21.77 127.177 7.4 9.66 8.05 5 8 4.26 55.88
 '2021-04-08-00:07:23.80' 111 '-0.26' '5']
[1618 202101684 '2021-04-08-21:25:56.120' 29.271 -1.547 15.04 1.1 -0.14 1
 0.53 17 19 17.17 125.93 2.93 5.09 5.16 6 11 3.06 38.2
 '2021-04-08-21:25:39.18' 95 '-0.01' '6']
[1628 202101694 '2021-04-09-14:43:19.290' 29.089 -1.789 5.32 1.3 0.46 1
 0.52 18 19 14.83 135.337 4.68 3.0 10.7 7 11 2.74 18.02
 '2021-04-09-14:43:02.04' 75 '0.15' '6']
[1635 202101701 '2021-04-09-20:18:29.100' 29.292 -1.542 11.15 1.2 -0.41 1
 0.79 15 18 20.37 143.73 7.77 12.12 15.63 4 11 2.4 53.32
 '2021-04-09-20:18:11.50' 110 '-0.82' '3']
[1647 202101713 '2021-04-10-21:21:02.340' 29.289 -1.552 8.06 0.8 -0.12 1
 0.73 13 18 9.35 115.086 8.1 6.93 12.16 5 8 2.1 29.54
 '2021-04-10-21:20:44.44' 87 '-0.04' '6']
[1677 202101745 '2021-04-12-21:16:03.570' 29.263 -1.542 13.89 1.0 0.03 1
 0.54 20 16 16.44 132.156 3.88 3.52 8.66 9 11 3.38 30.92
 '2021-04-12-21:15:46.96' 87 '0.1' '6']
[1701 202101770 '2021-04-14-03:32:45.430' 29.266 -1.54 13.95 0.9 0.32 1
 0.46 17 15 16.44 72.866 3.89 3.67 6.24 7 10 3.24 28.52
 '2021-04-14-03:32:28.68' 85 '0.16' '6']
[1715 202101784 '2021-04-15-02:35:04.120' 29.265 -1.544 13.56 1.0 0.25 1
 0.42 17 16 16.44 72.866 2.91 3.07 5.43 7 10 2.9 19.04
 '2021-04-15-02:34:47.02' 76 '0.09' '6']
[1718 202101787 '2021-04-15-10:38:40.100' 29.277 -1.49 13.19 1.8 -0.65 1
 0.25 8 18 18.96 140.335 6.11 6.23 11.24 2 6 3.02 39.82
 '2021-04-15-10:38:23.12' 96 '-0.37' '5']
[1735 202101804 '2021-04-16-21:59:21.170' 29.251 -1.499 2.96 0.9 -0.03 1
 0.79 20 18 7.92 150.325 9.0 6.52 15.94 10 10 1.74 59.18
 '2021-04-16-21:59:02.92' 117 '-0.14' '6']
[1737 202101806 '2021-04-18-00:47:38.270' 29.26 -1.534 12.66 1.0 -0.07 1
 0.56 18 15 16.44 132.156 4.36 4.5 11.81 8 10 2.96 22.86
 '2021-04-18-00:47:21.24' 79 '-0.02' '6']
[1749 202101819 '2021-04-18-21:43:03.310' 29.273 -1.553 13.97 1.0 -0.55 1
 0.43 17 18 17.17 125.93 4.0 5.38 11.88 7 10 3.06 38.28
 '2021-04-18-21:42:46.38' 95 '0.22' '6']
[1769 202101843 '2021-04-20-10:43:04.960' 29.292 -1.473 15.16 1.8 -0.34 1
 0.81 11 19 17.95 166.091 16.25 16.04 16.31 2 9 4.36 52.56
 '2021-04-20-10:42:49.32' 108 '-0.44' '3']
[1771 202101845 '2021-04-20-11:31:48.420' 29.243 -1.39 3.28 1.7 -0.75 1
 0.88 14 18 16.39 175.862 12.88 16.53 13.37 4 10 2.98 26.6
 '2021-04-20-11:31:31.40' 83 '-0.39' '5']
[1778 202101853 '2021-04-21-02:22:02.090' 29.272 -1.544 15.55 1.2 0.01 1
 0.41 17 16 18.16 125.93 2.97 3.33 5.41 9 8 3.2 29.96
 '2021-04-21-02:21:45.30' 86 '0.06' '6']
[1795 202101870 '2021-04-23-23:00:19.200' 29.272 -1.54 14.27 1.0 -0.06 1
 0.53 18 17 17.33 129.428 3.44 4.06 6.27 7 11 3.0 53.22
 '2021-04-23-23:00:02.20' 110 '0.02' '6']
[1809 202101886 '2021-04-25-03:18:22.080' 29.321 -1.569 14.06 1.1 0.05 1
 0.58 15 15 16.82 107.808 4.47 3.33 6.83 6 9 2.96 28.2
 '2021-04-25-03:18:05.04' 85 '0.08' '6']
[1827 202101904 '2021-04-26-20:56:24.680' 29.27 -1.539 13.75 1.0 -0.08 1
 0.49 16 17 16.36 129.428 3.6 2.96 5.13 8 8 3.48 39.16
 '2021-04-26-20:56:08.16' 95 '0.05' '6']
[1832 202101912 '2021-04-27-22:08:16.970' 29.286 -1.542 5.98 1.4 -0.73 1
 0.88 16 15 11.27 125.93 8.47 7.86 13.81 5 11 2.46 55.16
 '2021-04-27-22:07:59.44' 112 '-0.33' '5']
[1848 202101928 '2021-04-29-11:32:40.240' 29.281 -1.522 10.48 1.5 -0.09 1
 0.77 16 17 15.38 138.531 11.11 10.89 12.86 5 11 2.48 53.62
 '2021-04-29-11:32:22.72' 111 '-0.33' '6']
[1872 202101954 '2021-05-01-03:10:38.050' 29.231 -1.54 9.38 1.0 -0.26 1
 0.45 14 14 12.46 140.244 5.95 5.15 6.01 6 8 2.18 27.46
 '2021-05-01-03:10:20.24' 85 '-0.1' '6']
[1873 202101955 '2021-05-01-10:55:57.530' 29.321 -1.552 5.8 1.6 -0.45 1
 0.79 12 17 9.32 112.66 6.86 9.37 13.03 3 9 2.2 57.74
 '2021-05-01-10:55:39.74' 115 '-0.22' '5']
[1900 202101989 '2021-05-04-01:04:49.530' 29.282 -1.546 15.94 1.0 -0.04 1
 0.38 16 15 19.14 128.917 5.88 4.06 8.15 7 9 3.64 53.08
 '2021-05-04-01:04:33.18' 109 '0.1' '6']
[1919 202102008 '2021-05-06-01:47:20.870' 29.278 -1.542 15.43 0.9 -0.48 1
 0.4 14 15 18.32 140.221 6.45 4.89 6.82 5 9 3.84 23.64
 '2021-05-06-01:47:04.72' 79 '0.01' '6']
[1930 202102019 '2021-05-07-18:18:52.340' 29.306 -1.57 16.89 1.1 -0.2 1
 0.72 14 14 17.84 107.626 8.04 7.01 10.44 5 9 3.64 33.28
 '2021-05-07-18:18:35.98' 89 '0.07' '6']
[1942 202102031 '2021-05-08-22:32:03.140' 29.277 -1.548 16.86 1.1 -0.13 1
 0.68 16 14 15.46 132.156 6.83 4.23 14.38 8 8 3.42 55.24
 '2021-05-08-22:31:46.56' 111 '-0.03' '6']
[1943 202102032 '2021-05-08-23:02:40.530' 29.286 -1.518 9.93 1.5 -0.24 1
 0.73 12 14 15.02 130.329 7.51 5.74 10.84 2 10 2.78 30.22
 '2021-05-08-23:02:23.32' 87 '-0.29' '5']
[1944 202102033 '2021-05-08-23:05:40.330' 29.318 -1.562 17.43 0.9 -0.22 1
 0.61 16 14 20.29 161.844 12.5 7.58 7.42 6 10 3.66 54.94
 '2021-05-08-23:05:24.00' 111 '0.03' '5']
[1948 202102037 '2021-05-09-20:48:51.400' 29.251 -1.519 7.16 1.0 0.03 1
 0.41 9 12 10.83 142.561 4.54 3.48 4.64 5 4 2.24 54.94
 '2021-05-09-20:48:33.64' 112 '0.01' '6']
[1953 202102042 '2021-05-10-00:19:21.100' 29.249 -1.551 8.6 1.0 -0.06 1
 0.61 15 12 10.95 160.321 5.31 4.92 10.72 6 9 2.08 56.82
 '2021-05-10-00:19:03.18' 114 '0.04' '6']
[1957 202102046 '2021-05-10-03:36:50.700' 29.247 -1.529 8.87 1.0 -0.0 1
 0.64 12 10 12.42 141.556 3.92 3.87 4.27 5 7 2.82 22.8
 '2021-05-10-03:36:33.52' 79 '0.12' '6']
[1973 202102063 '2021-05-11-20:17:39.550' 29.258 -1.539 11.37 0.8 0.01 1
 0.49 14 13 15.46 123.286 4.69 2.88 9.56 6 8 2.86 22.8
 '2021-05-11-20:17:22.42' 79 '0.08' '6']
[1984 202102074 '2021-05-12-19:36:59.820' 29.158 -1.811 6.91 1.4 0.55 1
 0.48 16 15 18.42 63.398 2.46 1.93 7.43 7 9 3.98 61.42
 '2021-05-12-19:36:43.80' 117 '-0.07' '6']
[2010 202102101 '2021-05-14-19:14:25.640' 29.059 -1.885 5.73 1.1 0.28 1
 0.41 10 9 20.43 152.881 6.58 2.2 15.37 4 6 4.36 16.72
 '2021-05-14-19:14:10.00' 72 '-0.58' '3']
[2028 202102119 '2021-05-15-20:50:33.710' 29.262 -1.533 13.47 0.8 0.41 1
 0.31 14 12 16.67 135.841 2.84 3.42 5.7 7 7 3.4 20.1
 '2021-05-15-20:50:17.12' 76 '0.22' '6']
[2058 202102149 '2021-05-18-01:23:59.750' 29.252 -1.526 -2.56 0.9 0.11 1
 0.25 15 14 0.63 121.079 1.27 1.56 1.36 9 6 0.84 31.14
 '2021-05-18-01:23:40.60' 90 '-0.02' '6']
[2070 202102161 '2021-05-19-19:41:07.470' 29.274 -1.566 8.1 0.9 -0.03 1
 0.62 13 15 8.06 144.066 4.39 6.34 11.33 4 9 2.18 55.02
 '2021-05-19-19:40:49.66' 112 '0.03' '6']
[2079 202102170 '2021-05-20-01:23:33.390' 29.248 -1.535 11.94 1.0 -0.1 1
 0.39 16 14 16.58 109.168 6.32 4.09 12.7 7 9 2.94 22.4
 '2021-05-20-01:23:16.34' 79 '0.04' '6']
[2096 202102187 '2021-05-21-04:06:10.580' 29.272 -1.569 11.94 1.2 0.01 1
 0.4 12 13 15.02 90.893 3.31 6.73 10.54 5 7 2.98 18.92
 '2021-05-21-04:05:53.56' 75 '0.06' '6']
[2097 202102188 '2021-05-21-06:08:15.630' 29.24 -2.131 10.79 1.9 0.81 1
 0.59 11 13 21.83 143.537 5.1 3.76 18.16 4 7 4.94 28.56
 '2021-05-21-06:08:00.58' 83 '-0.37' '5']
[2106 202102197 '2021-05-22-01:55:59.390' 29.261 -1.564 11.88 0.9 -0.1 1
 0.41 15 14 14.11 101.694 2.94 5.62 10.2 6 9 2.8 18.64
 '2021-05-22-01:55:42.20' 75 '-0.05' '6']
[2117 202102208 '2021-05-22-16:29:19.330' 29.26 -1.524 -0.11 1.9 0.32 1
 0.48 12 16 3.57 139.549 3.08 3.19 6.19 7 5 0.92 59.48
 '2021-05-22-16:29:00.26' 118 '-0.15' '6']
[2125 202102216 '2021-05-22-17:00:23.070' 29.263 -1.551 -1.69 2.5 0.4 1
 0.39 11 15 2.96 81.686 3.02 3.28 2.27 8 3 0.56 56.54
 '2021-05-22-17:00:03.64' 115 '-0.0' '6']
[2129 202102220 '2021-05-22-17:48:59.210' 29.255 -1.557 1.68 2.3 0.53 1
 0.62 21 15 5.89 127.224 3.21 2.9 7.66 10 11 1.06 56.2
 '2021-05-22-17:48:40.28' 115 '-0.24' '6']
[2132 202102223 '2021-05-22-17:53:38.590' 29.255 -1.559 0.79 2.2 0.52 1
 0.43 20 15 4.32 101.145 2.33 2.43 6.04 9 11 1.32 58.68
 '2021-05-22-17:53:19.92' 117 '-0.15' '6']
[2138 202102229 '2021-05-22-18:45:03.720' 29.263 -1.577 0.11 2.0 0.15 1
 0.52 12 14 2.78 117.665 4.47 4.02 4.79 6 6 1.18 30.16
 '2021-05-22-18:44:44.90' 88 '-0.14' '6']
[2174 202102265 '2021-05-22-20:40:38.310' 29.262 -1.61 0.4 1.9 0.57 1 0.57
 19 13 5.39 88.494 2.88 2.37 4.21 9 10 1.22 31.48 '2021-05-22-20:40:19.54'
 90 '0.03' '6']
[2200 202102291 '2021-05-22-21:55:40.280' 29.266 -1.617 4.45 2.7 0.44 1
 0.27 13 13 8.29 94.5 2.09 1.98 5.65 7 6 1.72 31.22
 '2021-05-22-21:55:22.00' 89 '-0.16' '6']
[2266 202102357 '2021-05-23-01:15:43.370' 29.247 -1.627 9.96 2.2 0.59 1
 0.14 12 14 14.24 144.137 2.7 2.37 5.34 8 4 2.8 16.38
 '2021-05-23-01:15:26.18' 73 '0.33' '6']
[2268 202102359 '2021-05-23-01:22:01.300' 29.261 -1.639 1.89 2.3 0.68 1
 0.37 18 14 8.84 120.725 3.57 3.4 9.54 9 9 1.78 57.22
 '2021-05-23-01:21:43.08' 115 '0.21' '6']
[2293 202102384 '2021-05-23-02:21:44.800' 29.26 -1.628 1.57 2.4 0.76 1
 0.43 18 13 7.53 120.358 3.38 3.18 6.85 10 8 2.14 56.88
 '2021-05-23-02:21:26.94' 114 '0.39' '6']
[2314 202102405 '2021-05-23-02:59:19.220' 29.264 -1.608 6.64 2.8 0.55 1
 0.55 17 13 9.43 142.925 2.89 2.42 5.85 7 10 1.96 20.3
 '2021-05-23-02:59:01.18' 78 '0.04' '6']
[2316 202102407 '2021-05-23-03:04:38.980' 29.254 -1.624 5.31 3.1 0.41 1
 0.52 25 13 10.2 115.635 2.85 3.62 5.95 12 13 2.58 57.24
 '2021-05-23-03:04:21.56' 114 '0.07' '6']
[2319 202102410 '2021-05-23-03:11:17.940' 29.261 -1.618 9.28 2.3 0.66 1
 0.36 17 13 12.5 146.295 2.76 2.83 6.06 6 11 3.08 20.86
 '2021-05-23-03:11:01.02' 77 '0.18' '6']
[2326 202102417 '2021-05-23-03:27:11.250' 29.268 -1.628 6.08 2.7 0.56 1
 0.43 19 13 10.44 150.791 3.59 2.55 5.38 9 10 2.02 56.06
 '2021-05-23-03:26:53.28' 114 '0.13' '6']
[2327 202102418 '2021-05-23-03:29:03.590' 29.253 -1.63 5.58 3.6 0.15 1
 0.49 24 13 10.78 118.299 3.04 2.88 5.26 11 13 2.42 56.78
 '2021-05-23-03:28:46.02' 114 '-0.39' '5']
[2333 202102424 '2021-05-23-03:43:32.590' 29.253 -1.624 7.03 2.8 0.72 1
 0.77 7 13 11.83 166.631 2.97 4.11 13.96 3 4 2.46 15.24
 '2021-05-23-03:43:15.06' 72 '0.01' '6']
[2340 202102431 '2021-05-23-03:55:38.710' 29.257 -1.632 8.51 2.2 0.72 1
 0.27 11 13 13.16 146.751 3.3 3.0 7.59 5 6 2.94 20.22
 '2021-05-23-03:55:21.66' 77 '0.28' '6']
[2341 202102432 '2021-05-23-03:58:31.160' 29.255 -1.635 4.93 3.5 0.26 1
 0.41 25 13 10.75 120.27 3.08 3.11 4.73 13 12 1.98 56.68
 '2021-05-23-03:58:13.14' 114 '-0.28' '5']
[2415 202102506 '2021-05-23-08:17:06.750' 29.254 -1.636 10.97 2.2 0.78 1
 0.38 10 17 14.51 141.09 3.06 2.81 6.74 7 3 3.38 31.24
 '2021-05-23-08:16:50.14' 87 '0.48' '6']
[2463 202102554 '2021-05-23-10:29:12.740' 29.248 -1.652 6.34 2.6 0.51 1
 0.45 24 17 12.86 51.861 2.88 3.14 6.44 11 13 2.98 57.48
 '2021-05-23-10:28:55.72' 114 '0.17' '6']
[2465 202102556 '2021-05-23-10:33:43.290' 29.251 -1.655 6.93 2.9 0.39 1
 0.5 22 17 13.5 59.02 3.69 4.51 6.48 10 12 2.58 56.66
 '2021-05-23-10:33:25.88' 114 '-0.08' '6']
[2469 202102560 '2021-05-23-10:44:37.300' 29.245 -1.646 8.3 2.6 0.66 1
 0.33 21 17 13.77 92.564 2.62 3.04 8.22 11 10 2.64 36.4
 '2021-05-23-10:44:19.94' 93 '0.11' '6']
[2471 202102562 '2021-05-23-10:49:40.780' 29.245 -1.654 7.09 2.8 0.63 1
 0.51 23 17 13.75 60.372 2.85 2.61 8.11 13 10 3.12 57.34
 '2021-05-23-10:49:23.90' 114 '-0.05' '6']
[2490 202102581 '2021-05-23-11:33:14.580' 29.244 -1.655 6.16 2.6 0.55 1
 0.61 21 16 13.11 93.495 2.6 2.82 5.58 10 11 2.82 36.36
 '2021-05-23-11:32:57.40' 93 '0.01' '6']
[2493 202102584 '2021-05-23-11:43:26.540' 29.245 -1.653 3.25 3.5 0.12 1
 0.67 24 16 12.14 78.385 4.23 3.93 9.26 11 13 2.5 55.78
 '2021-05-23-11:43:09.04' 113 '-0.23' '6']
[2495 202102586 '2021-05-23-11:48:54.810' 29.244 -1.653 5.26 2.5 0.43 1
 0.41 19 16 12.53 93.606 2.44 2.27 5.04 10 9 2.94 57.76
 '2021-05-23-11:48:37.76' 114 '-0.3' '5']
[2497 202102588 '2021-05-23-11:55:57.610' 29.251 -1.663 5.84 3.5 0.5 1
 0.47 25 16 13.63 66.806 2.37 2.25 6.11 13 12 2.92 57.3
 '2021-05-23-11:55:40.54' 114 '0.07' '6']
[2500 202102591 '2021-05-23-12:03:20.200' 29.241 -1.655 6.22 2.6 0.47 1
 0.52 18 16 13.11 89.157 2.46 2.46 7.21 11 7 2.44 56.94
 '2021-05-23-12:03:02.64' 114 '-0.05' '6']
[2503 202102594 '2021-05-23-12:08:48.670' 29.236 -1.649 5.49 2.3 0.57 1
 0.6 16 16 13.39 141.291 2.77 4.06 11.5 5 11 2.72 19.18
 '2021-05-23-12:08:31.40' 76 '0.18' '6']
[2508 202102599 '2021-05-23-12:26:54.880' 29.255 -1.669 6.66 3.3 0.34 1
 0.7 22 16 14.23 81.191 2.63 2.33 5.55 11 11 3.3 57.38
 '2021-05-23-12:26:38.18' 114 '-0.08' '6']
[2512 202102603 '2021-05-23-12:34:11.930' 29.253 -1.675 -2.04 2.7 0.37 1
 0.26 12 16 12.05 77.609 2.28 2.17 5.11 8 4 2.96 59.34
 '2021-05-23-12:33:54.90' 116 '-0.13' '6']
[2514 202102605 '2021-05-23-12:40:49.870' 29.255 -1.664 8.27 2.6 0.53 1
 0.22 7 16 14.89 127.46 4.16 4.62 11.0 7 0 3.4 54.9
 '2021-05-23-12:40:33.28' 111 '-0.1' '6']
[2521 202102612 '2021-05-23-13:01:56.390' 29.238 -1.647 4.84 3.2 0.32 1
 0.57 27 16 12.14 78.385 3.25 3.26 8.91 14 13 2.44 57.4
 '2021-05-23-13:01:38.84' 114 '-0.1' '6']
[2522 202102613 '2021-05-23-13:04:16.510' 29.244 -1.663 5.15 4.0 0.2 1
 0.56 28 16 13.87 69.405 3.63 3.46 11.61 16 12 2.78 57.6
 '2021-05-23-13:03:59.30' 114 '-0.34' '5']
[2529 202102620 '2021-05-23-13:28:40.300' 29.255 -1.67 7.49 2.7 0.78 1
 0.59 28 17 14.89 54.508 2.89 3.26 9.05 13 15 2.86 54.3
 '2021-05-23-13:28:23.16' 111 '0.21' '6']
[2537 202102628 '2021-05-23-14:01:25.460' 29.256 -1.672 7.1 2.8 0.62 1
 0.61 28 18 15.0 52.978 2.96 2.83 5.79 15 13 3.02 57.08
 '2021-05-23-14:01:08.48' 114 '-0.05' '6']
[2539 202102630 '2021-05-23-14:06:16.200' 29.244 -1.659 6.1 2.9 0.55 1
 0.53 26 17 13.75 72.229 3.38 3.05 6.88 15 11 2.44 56.94
 '2021-05-23-14:05:58.64' 114 '-0.17' '5']
[2560 202102651 '2021-05-23-15:12:10.660' 29.247 -1.659 2.42 2.7 0.42 1
 0.58 28 18 13.11 60.372 3.51 4.16 12.07 16 12 2.54 58.2
 '2021-05-23-15:11:53.20' 115 '-0.22' '6']
[2562 202102653 '2021-05-23-15:30:06.580' 29.255 -1.674 2.44 2.6 0.49 1
 0.54 24 17 12.05 77.609 2.84 3.5 11.48 11 13 2.74 58.2
 '2021-05-23-15:29:49.32' 115 '-0.08' '6']
[2566 202102657 '2021-05-23-15:45:49.520' 29.241 -1.648 8.38 1.8 0.61 1
 0.39 15 17 13.77 104.211 3.55 3.26 8.56 8 7 2.86 56.74
 '2021-05-23-15:45:32.38' 113 '-0.09' '6']
[2572 202102663 '2021-05-23-16:04:18.780' 29.242 -1.652 8.2 2.2 0.76 1
 0.57 11 17 13.75 93.495 3.34 3.3 11.49 10 1 3.24 36.62
 '2021-05-23-16:04:02.02' 93 '0.23' '6']
[2583 202102674 '2021-05-23-16:36:06.950' 29.249 -1.667 12.9 2.5 0.49 1
 0.51 7 17 18.01 166.535 3.62 4.99 7.75 7 0 4.14 19.72
 '2021-05-23-16:35:51.10' 75 '-0.13' '6']
[2585 202102676 '2021-05-23-16:42:01.670' 29.256 -1.679 3.24 2.7 0.58 1
 0.61 20 17 13.89 77.609 2.76 3.09 9.36 7 13 3.04 55.24
 '2021-05-23-16:41:44.72' 112 '-0.2' '6']
[2603 202102694 '2021-05-23-17:42:17.540' 29.259 -1.664 3.42 2.0 0.58 1
 0.41 18 16 13.06 81.191 3.93 3.01 9.8 9 9 2.56 57.64
 '2021-05-23-17:42:00.10' 115 '-0.12' '6']
[2605 202102696 '2021-05-23-17:46:31.650' 29.25 -1.675 4.32 2.7 0.61 1
 0.53 24 16 14.3 74.3 4.89 4.27 8.35 11 13 2.92 57.86
 '2021-05-23-17:46:14.58' 114 '0.4' '6']
[2608 202102699 '2021-05-23-18:04:36.130' 29.248 -1.674 6.12 2.2 0.53 1
 0.47 9 16 14.46 80.973 3.2 3.06 6.96 4 5 2.58 54.34
 '2021-05-23-18:04:18.72' 111 '0.42' '6']
[2612 202102703 '2021-05-23-18:17:30.670' 29.255 -1.679 4.63 2.9 0.39 1
 0.56 29 17 14.13 55.52 4.21 3.57 9.8 16 13 3.18 57.82
 '2021-05-23-18:17:13.86' 114 '-0.26' '6']
[2614 202102705 '2021-05-23-18:23:55.980' 29.255 -1.673 3.42 2.5 0.5 1
 0.58 28 17 14.23 55.828 4.02 4.06 12.61 14 14 3.2 58.4
 '2021-05-23-18:23:39.18' 115 '-0.28' '5']
[2615 202102706 '2021-05-23-18:27:02.670' 29.247 -1.672 1.69 3.1 -0.01 1
 0.59 30 17 12.62 55.13 2.75 2.66 8.36 17 13 2.86 58.48
 '2021-05-23-18:26:45.54' 115 '-0.34' '5']
[2620 202102711 '2021-05-23-18:40:23.420' 29.262 -1.674 10.05 2.2 0.7 1
 0.48 22 17 16.83 65.92 2.86 3.24 9.64 11 11 3.3 35.52
 '2021-05-23-18:40:06.72' 92 '0.08' '6']
[2626 202102717 '2021-05-23-19:02:11.710' 29.255 -1.668 10.48 2.5 0.44 1
 0.34 20 17 17.05 95.494 2.58 2.63 8.21 9 11 3.5 29.48
 '2021-05-23-19:01:55.22' 85 '0.2' '6']
[2689 202102780 '2021-05-23-22:50:49.500' 29.261 -1.651 3.59 2.2 0.67 1
 0.58 19 17 7.16 94.199 4.08 3.75 8.99 10 9 1.56 57.16
 '2021-05-23-22:50:31.06' 115 '0.15' '6']
[2691 202102782 '2021-05-23-22:57:05.600' 29.257 -1.667 0.76 2.5 0.57 1
 0.38 19 17 5.74 92.799 3.08 2.91 7.28 13 6 1.46 58.28
 '2021-05-23-22:56:47.06' 116 '0.15' '6']
[2698 202102789 '2021-05-23-23:13:29.340' 29.259 -1.664 2.24 3.0 0.68 1
 0.55 32 17 5.78 65.152 3.05 3.2 7.46 17 15 1.32 57.64
 '2021-05-23-23:13:10.66' 116 '-0.1' '6']
[2719 202102810 '2021-05-24-00:53:52.990' 29.255 -1.634 2.62 2.6 0.58 1
 0.61 27 16 3.97 120.809 3.07 2.76 5.36 14 13 1.82 56.66
 '2021-05-24-00:53:34.82' 114 '0.2' '6']
[2720 202102811 '2021-05-24-00:56:05.550' 29.256 -1.667 0.39 2.5 0.34 1
 0.54 25 16 4.43 120.893 3.59 2.46 6.06 13 12 1.34 58.42
 '2021-05-24-00:55:46.90' 117 '-0.22' '5']
[2741 202102832 '2021-05-24-01:57:58.970' 29.261 -1.627 5.03 2.6 0.67 1
 0.3 27 16 6.77 147.348 2.82 2.4 4.11 14 13 2.12 57.16
 '2021-05-24-01:57:41.10' 115 '-0.03' '6']
[2749 202102840 '2021-05-24-02:16:33.410' 29.26 -1.644 7.7 2.1 0.49 1 0.41
 9 16 9.07 155.454 3.26 2.75 5.71 9 0 2.12 19.56 '2021-05-24-02:16:15.54'
 77 '0.0' '6']
[2764 202102855 '2021-05-24-02:56:45.540' 29.243 -1.662 -0.7 2.1 0.26 1
 0.44 15 16 4.59 125.386 2.2 1.71 1.43 9 6 1.3 56.36
 '2021-05-24-02:56:26.84' 115 '0.02' '6']
[2775 202102866 '2021-05-24-03:34:44.580' 29.276 -1.615 2.84 2.0 0.11 1
 0.44 20 16 5.3 147.275 3.51 1.96 4.88 10 10 1.54 56.54
 '2021-05-24-03:34:26.12' 115 '0.0' '6']
[2781 202102872 '2021-05-24-03:53:01.200' 29.252 -1.673 7.23 2.2 0.66 1
 0.37 21 16 10.24 129.406 3.53 2.57 5.59 11 10 1.94 54.2
 '2021-05-24-03:52:43.14' 112 '0.07' '6']
[2782 202102873 '2021-05-24-03:54:58.020' 29.255 -1.664 0.95 2.7 -0.01 1
 0.6 27 16 4.69 120.893 3.55 2.69 6.2 13 14 0.88 57.7
 '2021-05-24-03:54:38.90' 116 '-0.33' '5']
[2807 202102898 '2021-05-24-06:16:23.880' 29.254 -1.678 3.2 3.2 0.3 1 0.51
 30 18 7.84 55.494 2.79 2.38 7.85 17 13 2.08 58.3 '2021-05-24-06:16:05.96'
 116 '-0.05' '6']
[2808 202102899 '2021-05-24-06:25:51.040' 29.26 -1.668 2.37 3.8 0.07 1
 0.58 31 18 7.23 56.202 3.9 3.12 7.45 17 14 1.02 57.34
 '2021-05-24-06:25:32.06' 116 '-0.39' '5']
[2815 202102906 '2021-05-24-06:44:25.350' 29.244 -1.682 1.37 1.9 0.54 1
 0.5 23 18 7.03 106.626 2.63 2.56 8.15 10 13 1.54 55.32
 '2021-05-24-06:44:06.90' 113 '-0.03' '6']
[2819 202102910 '2021-05-24-06:56:30.940' 29.281 -1.685 5.17 1.8 0.64 1
 0.67 17 18 10.38 167.18 4.84 2.83 12.36 8 9 2.56 30.26
 '2021-05-24-06:56:13.50' 87 '-0.05' '6']
[2825 202102916 '2021-05-24-07:18:28.640' 29.259 -1.675 5.15 2.2 0.69 1
 0.42 24 18 8.63 55.864 3.49 2.79 6.03 10 14 2.1 57.5
 '2021-05-24-07:18:10.74' 115 '-0.12' '6']
[2880 202102971 '2021-05-24-10:53:22.520' 29.262 -1.671 2.18 1.7 0.73 1
 0.43 16 19 7.23 65.152 3.21 3.66 7.53 11 5 1.62 55.48
 '2021-05-24-10:53:04.14' 113 '-0.09' '6']
[2883 202102974 '2021-05-24-11:13:33.540' 29.269 -1.673 5.09 1.7 0.58 1
 0.49 14 19 13.63 98.247 3.1 3.01 6.99 4 10 2.86 28.52
 '2021-05-24-11:13:16.40' 85 '0.29' '6']
[2895 202102986 '2021-05-24-11:58:30.570' 29.265 -1.693 1.35 2.0 0.56 1
 0.55 21 18 8.28 54.919 3.01 2.51 5.87 9 12 1.9 34.96
 '2021-05-24-11:58:12.48' 93 '0.15' '6']
[2907 202102998 '2021-05-24-12:56:14.450' 29.261 -1.683 0.84 2.6 0.51 1
 0.59 33 19 6.63 54.43 2.73 2.53 7.24 15 18 1.62 58.22
 '2021-05-24-12:55:56.08' 116 '-0.05' '6']
[2913 202103004 '2021-05-24-13:40:46.510' 29.262 -1.693 2.32 1.6 0.78 1
 0.38 19 19 8.28 99.535 2.04 2.09 7.03 9 10 1.9 58.2
 '2021-05-24-13:40:28.42' 116 '0.09' '6']
[2922 202103013 '2021-05-24-14:28:03.580' 29.249 -1.668 1.18 2.1 0.59 1
 0.42 16 18 5.63 93.591 3.74 4.59 6.37 8 8 1.44 30.0
 '2021-05-24-14:27:45.02' 88 '0.05' '6']
[2927 202103018 '2021-05-24-14:45:50.600' 29.234 -1.699 6.46 2.9 0.75 1
 0.76 15 18 14.67 68.364 10.05 4.71 15.15 5 10 3.14 58.18
 '2021-05-24-14:45:33.74' 115 '0.24' '6']
[2932 202103023 '2021-05-24-15:06:38.850' 29.25 -1.633 4.05 2.0 0.6 1 0.55
 19 18 5.87 128.977 2.7 2.89 4.53 10 9 1.82 20.16 '2021-05-24-15:06:20.68'
 78 '0.16' '6']
[2938 202103029 '2021-05-24-15:36:36.140' 29.256 -1.68 4.45 1.8 0.6 1 0.63
 16 19 8.6 149.549 2.84 3.31 10.04 6 10 1.58 14.34
 '2021-05-24-15:36:17.72' 72 '0.3' '6']
[2941 202103032 '2021-05-24-15:47:35.020' 29.259 -1.687 5.99 2.7 0.76 1
 0.62 16 18 10.69 54.919 2.92 2.9 5.04 2 14 1.72 53.98
 '2021-05-24-15:47:16.74' 112 '0.08' '6']
[2970 202103061 '2021-05-24-17:31:20.220' 29.246 -1.653 4.27 2.2 0.58 1
 0.6 25 17 6.75 72.229 2.8 2.15 5.86 13 12 1.34 57.38
 '2021-05-24-17:31:01.56' 116 '0.02' '6']
[2980 202103071 '2021-05-24-18:26:04.440' 29.252 -1.686 4.4 2.8 0.59 1
 0.46 22 16 9.26 62.124 4.11 4.07 6.88 11 11 1.88 57.8
 '2021-05-24-18:25:46.32' 115 '0.16' '6']
[2994 202103085 '2021-05-24-19:17:42.280' 29.258 -1.653 5.72 2.0 0.64 1
 0.27 13 17 8.46 105.919 2.8 3.29 5.03 10 3 1.72 35.82
 '2021-05-24-19:17:24.00' 94 '-0.01' '6']
[3003 202103094 '2021-05-24-19:47:15.760' 29.258 -1.672 4.09 2.7 0.5 1
 0.56 28 17 7.88 57.083 3.18 2.63 8.81 14 14 2.1 57.8
 '2021-05-24-19:46:57.86' 115 '0.11' '6']
[3006 202103097 '2021-05-24-20:10:50.780' 29.264 -1.676 2.42 2.3 0.43 1
 0.39 24 18 6.45 67.191 3.66 3.5 8.44 10 14 1.88 55.74
 '2021-05-24-20:10:32.66' 113 '-0.27' '6']
[3024 202103115 '2021-05-24-21:19:13.940' 29.264 -1.618 0.49 1.5 0.64 1
 0.48 22 17 2.9 80.11 1.95 2.23 3.55 13 9 1.26 57.64
 '2021-05-24-21:18:55.20' 116 '0.29' '6']
[3115 202103206 '2021-05-25-02:48:51.380' 29.258 -1.667 2.26 2.0 0.7 1
 0.57 26 15 6.43 120.893 3.72 2.69 7.7 13 13 1.36 57.68
 '2021-05-25-02:48:32.74' 116 '0.19' '6']
[3136 202103227 '2021-05-25-03:52:16.360' 29.265 -1.673 -2.62 1.4 0.75 1
 0.6 21 15 5.9 122.025 4.36 2.34 9.85 10 11 1.28 58.78
 '2021-05-25-03:51:57.64' 117 '0.2' '6']
[3144 202103235 '2021-05-25-04:14:52.210' 29.257 -1.682 1.81 1.3 0.68 1
 0.38 18 15 6.41 162.755 3.15 2.55 7.24 9 9 1.44 14.36
 '2021-05-25-04:14:33.66' 72 '0.16' '6']
[3146 202103237 '2021-05-25-04:23:00.530' 29.274 -1.738 3.05 1.3 0.53 1
 0.34 12 15 19.08 160.464 3.83 2.98 7.94 4 8 3.78 58.52
 '2021-05-25-04:22:44.32' 114 '0.01' '6']
[3161 202103252 '2021-05-25-06:19:08.640' 29.264 -1.683 -0.66 2.2 0.73 1
 0.55 30 18 6.45 54.43 2.75 2.24 4.91 14 16 1.72 58.8
 '2021-05-25-06:18:50.36' 117 '0.07' '6']
[3162 202103253 '2021-05-25-06:27:16.050' 29.26 -1.698 0.7 3.0 0.42 1 0.59
 17 18 8.57 55.368 2.81 2.16 5.28 3 14 1.54 54.54 '2021-05-25-06:26:57.60'
 112 '-0.57' '5']
[3163 202103254 '2021-05-25-06:30:53.100' 29.263 -1.701 3.4 2.2 0.41 1
 0.56 17 18 8.57 99.534 3.82 4.82 15.36 6 11 1.72 57.72
 '2021-05-25-06:30:34.82' 115 '-0.39' '5']
[3169 202103260 '2021-05-25-07:00:32.240' 29.261 -1.702 -0.78 3.1 0.41 1
 0.6 20 18 8.42 54.817 2.41 2.36 4.62 4 16 1.66 58.66
 '2021-05-25-07:00:13.90' 116 '-0.11' '6']
[3171 202103262 '2021-05-25-07:08:45.490' 29.255 -1.696 2.84 3.7 0.32 1
 0.5 32 18 9.33 53.969 3.35 3.13 7.6 17 15 1.98 58.16
 '2021-05-25-07:08:27.48' 116 '-0.32' '5']
[3174 202103265 '2021-05-25-07:23:02.910' 29.255 -1.691 2.65 2.8 0.43 1
 0.57 25 18 8.75 98.086 2.73 2.83 7.24 11 14 2.4 55.24
 '2021-05-25-07:22:45.32' 112 '-0.03' '6']
[3178 202103269 '2021-05-25-07:46:29.240' 29.257 -1.699 3.11 2.5 0.76 1
 0.58 14 18 9.63 99.534 2.57 2.97 10.36 13 1 1.86 58.06
 '2021-05-25-07:46:11.10' 116 '-0.31' '6']
[3187 202103278 '2021-05-25-08:13:20.980' 29.256 -1.712 1.17 3.5 0.55 1
 0.64 27 18 9.75 54.107 2.78 3.14 7.76 13 14 2.62 59.32
 '2021-05-25-08:13:03.60' 116 '0.02' '6']
[3195 202103286 '2021-05-25-08:40:16.260' 29.248 -1.706 8.01 3.0 0.52 1
 0.21 14 18 15.27 99.012 3.44 3.96 15.31 13 1 2.56 28.78
 '2021-05-25-08:39:58.82' 86 '0.07' '6']
[3198 202103289 '2021-05-25-09:00:08.100' 29.256 -1.718 1.05 3.0 0.58 1
 0.6 23 18 10.5 98.902 2.84 2.87 10.28 8 15 1.92 58.56
 '2021-05-25-08:59:50.02' 116 '0.04' '6']
[3202 202103293 '2021-05-25-09:09:33.170' 29.256 -1.713 6.84 3.2 0.41 1
 0.52 20 18 12.8 155.963 2.75 3.25 11.39 9 11 2.36 14.16
 '2021-05-25-09:09:15.54' 71 '-0.19' '6']
[3209 202103300 '2021-05-25-09:41:16.100' 29.261 -1.726 0.82 4.4 0.03 1
 0.55 31 18 11.41 69.042 3.22 2.77 6.46 17 14 2.08 58.52
 '2021-05-25-09:40:58.18' 116 '-0.3' '6']
[3216 202103307 '2021-05-25-10:13:19.420' 29.25 -1.726 0.11 2.8 0.47 1
 0.35 21 18 11.39 122.291 2.35 2.99 5.23 12 9 2.38 59.22
 '2021-05-25-10:13:01.80' 116 '-0.07' '6']
[3222 202103313 '2021-05-25-10:36:16.050' 29.26 -1.722 4.13 2.6 0.64 1
 0.53 16 18 8.55 102.32 2.89 4.75 5.73 6 10 1.4 53.52
 '2021-05-25-10:35:57.46' 112 '0.08' '6']
[3225 202103316 '2021-05-25-10:48:28.570' 29.257 -1.708 3.52 2.5 0.72 1
 0.5 21 18 7.03 54.839 3.94 3.77 7.32 6 15 1.76 54.26
 '2021-05-25-10:48:10.34' 112 '0.17' '6']
[3227 202103318 '2021-05-25-10:54:06.460' 29.257 -1.731 -0.24 3.3 0.47 1
 0.36 21 17 5.99 53.383 2.62 1.7 2.67 15 6 1.5 59.26
 '2021-05-25-10:53:47.96' 117 '-0.44' '5']
[3236 202103327 '2021-05-25-11:28:10.940' 29.244 -1.72 4.93 3.0 0.78 1
 0.34 14 19 8.0 150.695 3.86 3.4 7.04 12 2 2.3 58.82
 '2021-05-25-11:27:53.24' 116 '0.48' '6']
[3242 202103333 '2021-05-25-12:02:25.840' 29.251 -1.732 3.61 2.9 0.56 1
 0.48 26 19 8.22 55.923 3.37 3.49 9.14 15 11 2.22 54.08
 '2021-05-25-12:02:08.06' 111 '0.04' '6']
[3245 202103336 '2021-05-25-12:12:09.140' 29.261 -1.741 0.94 3.7 0.3 1 0.4
 30 19 8.22 52.97 4.15 3.35 6.26 17 13 1.46 58.7 '2021-05-25-12:11:50.60'
 117 '-0.1' '6']
[3250 202103341 '2021-05-25-12:28:00.040' 29.254 -1.727 5.78 2.5 0.8 1
 0.63 17 19 9.6 98.883 2.86 2.45 5.77 9 8 1.68 57.66
 '2021-05-25-12:27:41.72' 115 '0.25' '6']
[3254 202103345 '2021-05-25-12:35:56.110' 29.253 -1.721 6.39 2.5 0.79 1
 0.23 12 19 17.88 166.761 2.99 2.74 7.16 11 1 3.08 27.98
 '2021-05-25-12:35:39.20' 84 '0.26' '6']
[3270 202103361 '2021-05-25-13:28:53.100' 29.258 -1.739 1.56 3.2 0.67 1
 0.48 32 19 8.22 52.97 2.99 3.26 8.15 17 15 1.48 58.48
 '2021-05-25-13:28:34.58' 117 '0.37' '6']
[3273 202103364 '2021-05-25-13:35:56.140' 29.253 -1.734 2.72 2.6 0.78 1
 0.62 21 19 7.71 89.622 3.37 3.42 7.9 10 11 1.54 53.36
 '2021-05-25-13:35:37.68' 111 '0.16' '6']
[3277 202103368 '2021-05-25-13:49:19.790' 29.244 -1.722 6.75 2.7 0.68 1
 0.51 29 18 9.7 54.306 3.34 3.15 8.79 17 12 2.44 53.7
 '2021-05-25-13:49:02.24' 111 '0.17' '6']
[3324 202103415 '2021-05-25-16:33:10.550' 29.238 -1.722 6.52 3.4 0.58 1
 0.43 24 17 9.55 53.071 2.64 2.08 5.09 15 9 2.18 58.2
 '2021-05-25-16:32:52.74' 116 '-0.13' '6']
[3329 202103420 '2021-05-25-16:49:59.140' 29.25 -1.733 -0.52 2.4 0.78 1
 0.28 16 17 6.88 152.383 2.72 4.55 6.44 8 8 1.3 59.26
 '2021-05-25-16:49:40.44' 117 '-0.11' '6']
[3340 202103431 '2021-05-25-17:34:25.030' 29.252 -1.733 4.98 2.2 0.8 1
 0.28 11 17 9.46 125.393 3.07 3.01 5.01 6 5 1.64 52.86
 '2021-05-25-17:34:06.68' 111 '0.16' '6']
[3353 202103444 '2021-05-25-18:23:48.930' 29.244 -1.732 7.46 2.4 0.82 1
 0.53 12 17 11.9 88.454 3.42 3.79 8.49 6 6 2.66 53.62
 '2021-05-25-18:23:31.60' 110 '0.1' '6']
[3360 202103451 '2021-05-25-18:39:46.130' 29.24 -1.729 7.39 3.2 0.72 1
 0.37 29 17 10.89 52.717 3.46 2.63 5.84 16 13 1.86 57.74
 '2021-05-25-18:39:28.00' 115 '0.09' '6']
[3369 202103460 '2021-05-25-19:04:48.120' 29.252 -1.741 4.28 2.7 0.84 1
 0.49 16 17 14.07 64.713 3.26 3.7 8.26 6 10 2.44 53.16
 '2021-05-25-19:04:30.56' 110 '0.03' '6']
[3383 202103474 '2021-05-25-19:50:50.280' 29.236 -1.734 2.09 2.5 0.74 1
 0.76 27 17 7.91 58.245 5.07 4.21 8.3 13 14 1.5 59.18
 '2021-05-25-19:50:31.78' 117 '0.17' '6']
[3395 202103486 '2021-05-25-20:33:51.130' 29.255 -1.737 -0.24 3.1 0.68 1
 0.3 19 15 6.88 70.518 2.85 2.46 4.26 7 12 1.32 53.94
 '2021-05-25-20:33:32.46' 112 '-0.09' '6']
[3399 202103490 '2021-05-25-20:56:47.900' 29.252 -1.739 3.39 3.0 0.64 1
 0.38 13 15 14.07 70.518 2.54 2.19 9.65 4 9 3.16 34.12
 '2021-05-25-20:56:31.06' 90 '-0.07' '6']
[3418 202103509 '2021-05-25-22:22:53.190' 29.252 -1.725 2.4 2.1 0.72 1 0.4
 25 17 6.93 69.844 2.85 2.41 8.92 13 12 1.36 53.84
 '2021-05-25-22:22:34.56' 112 '0.44' '6']
[3429 202103520 '2021-05-25-23:08:20.690' 29.249 -1.738 5.8 2.5 0.86 1
 0.54 20 17 14.07 99.368 3.94 3.11 8.04 7 13 3.16 28.62
 '2021-05-25-23:08:03.86' 85 '0.08' '6']
[3438 202103529 '2021-05-26-00:21:12.420' 29.221 -1.753 3.09 2.7 0.82 1
 0.61 12 17 9.07 69.57 5.35 3.77 7.94 9 3 2.02 59.76
 '2021-05-26-00:20:54.44' 117 '0.11' '6']
[3449 202103540 '2021-05-26-00:57:05.880' 29.243 -1.752 5.11 3.0 0.53 1
 0.43 29 16 10.65 122.387 3.67 2.87 7.58 15 14 2.7 59.28
 '2021-05-26-00:56:48.58' 116 '-0.03' '6']
[3452 202103543 '2021-05-26-01:14:09.260' 29.24 -1.743 8.73 2.6 0.68 1
 0.43 16 16 12.09 169.086 3.21 2.66 8.05 8 8 2.46 27.3
 '2021-05-26-01:13:51.72' 84 '0.09' '6']
[3462 202103553 '2021-05-26-01:37:26.360' 29.243 -1.732 7.82 1.8 0.7 1
 0.34 12 15 15.18 137.974 3.84 3.57 7.95 6 6 2.92 52.86
 '2021-05-26-01:37:09.28' 109 '-0.16' '6']
[3478 202103569 '2021-05-26-02:23:43.430' 29.25 -1.747 3.49 2.8 0.8 1 0.47
 27 16 9.28 122.199 4.04 2.76 6.96 15 12 1.96 58.9
 '2021-05-26-02:23:25.40' 116 '0.37' '6']
[3483 202103574 '2021-05-26-02:46:59.540' 29.238 -1.701 5.82 3.3 0.53 1
 0.56 27 16 7.89 120.768 5.24 4.31 5.62 14 13 1.88 58.12
 '2021-05-26-02:46:41.44' 116 '0.12' '6']
[3498 202103589 '2021-05-26-03:41:32.780' 29.257 -1.708 6.06 1.8 0.82 1
 0.58 15 16 12.16 138.194 4.34 3.66 6.47 5 10 2.84 54.1
 '2021-05-26-03:41:15.62' 111 '0.37' '6']
[3505 202103596 '2021-05-26-04:09:20.530' 29.256 -1.706 4.03 2.4 0.56 1
 0.43 17 16 7.48 154.409 3.59 3.06 5.03 5 12 1.72 58.28
 '2021-05-26-04:09:02.26' 116 '0.08' '6']
[3511 202103602 '2021-05-26-04:24:03.400' 29.246 -1.712 6.57 2.6 0.79 1
 0.49 25 15 9.31 121.43 3.19 3.01 4.96 12 13 1.98 57.74
 '2021-05-26-04:23:45.38' 115 '0.29' '6']
[3521 202103612 '2021-05-26-04:50:45.010' 29.263 -1.71 3.67 2.7 0.8 1 0.34
 22 14 7.5 172.335 3.08 2.87 5.71 11 11 1.28 17.38
 '2021-05-26-04:50:26.30' 76 '0.04' '6']
[3535 202103626 '2021-05-26-05:37:35.850' 29.258 -1.722 7.06 2.4 0.86 1
 0.33 23 15 10.81 102.329 2.6 2.68 5.09 10 13 2.6 57.98
 '2021-05-26-05:37:18.46' 115 '0.31' '6']
[3536 202103627 '2021-05-26-05:44:40.930' 29.258 -1.74 0.15 2.6 0.57 1
 0.67 22 16 8.22 70.185 3.92 2.94 4.86 11 11 2.2 59.7
 '2021-05-26-05:44:23.14' 117 '-0.37' '5']
[3548 202103639 '2021-05-26-06:20:07.480' 29.253 -1.745 -0.1 2.9 0.33 1
 0.53 30 17 7.79 52.641 4.01 2.64 4.27 17 13 1.82 59.54
 '2021-05-26-06:19:49.30' 117 '-0.12' '6']
[3560 202103651 '2021-05-26-06:58:35.860' 29.26 -1.719 2.72 2.7 0.76 1
 0.39 27 18 7.32 98.054 2.73 2.67 6.14 14 13 2.1 28.8
 '2021-05-26-06:58:17.98' 86 '0.23' '6']
[3577 202103668 '2021-05-26-07:47:43.870' 29.263 -1.72 4.5 1.8 0.68 1 0.75
 14 17 8.7 103.278 2.6 3.11 10.92 4 10 2.22 28.64 '2021-05-26-07:47:26.10'
 86 '0.16' '6']
[3585 202103676 '2021-05-26-08:09:11.560' 29.252 -1.725 -0.28 3.0 0.53 1
 0.6 35 18 5.99 53.383 2.91 2.76 4.08 18 17 1.6 59.36
 '2021-05-26-08:08:53.16' 117 '-0.12' '6']
[3589 202103680 '2021-05-26-08:23:52.930' 29.255 -1.731 1.66 4.2 0.21 1
 0.53 32 18 6.93 53.383 3.24 3.06 6.5 18 14 2.1 59.34
 '2021-05-26-08:23:35.04' 117 '-0.57' '5']
[3592 202103683 '2021-05-26-08:35:40.840' 29.254 -1.732 -0.27 2.4 0.57 1
 0.36 19 18 5.99 159.152 3.04 2.62 3.66 11 8 1.88 14.96
 '2021-05-26-08:35:22.72' 73 '-0.16' '6']
[3622 202103713 '2021-05-26-10:40:13.060' 29.258 -1.721 0.91 2.7 0.76 1
 0.48 19 19 6.7 122.766 2.89 3.03 5.99 15 4 1.12 58.34
 '2021-05-26-10:39:54.18' 117 '0.21' '6']
[3628 202103719 '2021-05-26-10:59:19.590' 29.265 -1.735 -0.27 2.6 0.5 1
 0.5 24 19 7.36 126.485 3.19 2.67 5.17 12 12 1.86 54.4
 '2021-05-26-10:59:01.46' 112 '-0.0' '6']
[3629 202103720 '2021-05-26-11:11:37.030' 29.254 -1.73 -1.16 2.5 0.37 1
 0.47 25 19 5.99 53.383 2.45 2.03 3.54 14 11 1.04 59.02
 '2021-05-26-11:11:18.08' 117 '-0.36' '5']
[3630 202103721 '2021-05-26-11:12:45.150' 29.254 -1.729 2.18 2.6 0.55 1
 0.57 28 19 7.49 55.59 2.66 2.48 8.08 11 17 1.32 33.62
 '2021-05-26-11:12:26.48' 92 '-0.21' '5']
[3632 202103723 '2021-05-26-11:18:12.390' 29.249 -1.727 1.58 1.9 0.77 1
 0.61 23 19 6.48 101.09 4.17 3.45 6.55 10 13 1.56 33.86
 '2021-05-26-11:17:53.96' 92 '-0.0' '6']
[3634 202103725 '2021-05-26-11:26:45.080' 29.254 -1.737 0.63 3.1 0.54 1
 0.48 33 19 7.02 53.014 3.21 2.58 5.65 17 16 1.32 58.82
 '2021-05-26-11:26:26.40' 117 '-0.33' '5']
[3641 202103732 '2021-05-26-12:05:37.290' 29.25 -1.734 12.73 2.5 0.78 1
 0.52 12 19 18.38 113.168 3.48 4.46 19.3 9 3 3.04 33.78
 '2021-05-26-12:05:20.34' 90 '0.04' '6']
[3645 202103736 '2021-05-26-12:17:56.910' 29.262 -1.748 3.07 2.8 0.68 1
 0.5 12 19 9.37 107.131 2.66 3.53 8.8 4 8 2.5 28.4
 '2021-05-26-12:17:39.42' 85 '0.24' '6']
[3658 202103749 '2021-05-26-12:53:42.770' 29.247 -1.728 1.03 3.2 0.46 1
 0.63 30 18 6.57 54.667 2.26 2.45 10.18 16 14 1.8 34.38
 '2021-05-26-12:53:24.58' 92 '0.19' '6']
[3660 202103751 '2021-05-26-13:02:57.720' 29.243 -1.744 4.12 2.2 0.73 1
 0.78 19 18 9.9 101.203 3.68 3.44 11.41 7 12 2.3 33.84
 '2021-05-26-13:02:40.02' 91 '0.12' '6']
[3661 202103752 '2021-05-26-13:10:39.310' 29.241 -1.74 4.61 3.5 0.4 1 0.54
 33 18 9.05 52.358 3.69 3.38 5.87 18 15 1.88 58.44
 '2021-05-26-13:10:21.20' 116 '-0.14' '5']
[3663 202103754 '2021-05-26-13:21:37.020' 29.253 -1.732 -0.12 3.5 0.67 1
 0.89 18 18 6.88 116.363 2.75 2.44 4.09 7 11 1.06 33.48
 '2021-05-26-13:21:18.08' 92 '0.16' '6']
[3664 202103755 '2021-05-26-13:30:46.230' 29.25 -1.734 0.37 2.5 0.64 1
 0.47 25 18 6.88 53.014 2.65 1.78 3.78 14 11 1.42 59.18
 '2021-05-26-13:30:27.66' 117 '-0.22' '5']
[3668 202103759 '2021-05-26-13:40:50.740' 29.249 -1.728 5.26 2.3 0.78 1
 0.5 20 18 9.6 101.09 4.93 4.41 8.93 8 12 2.24 34.28
 '2021-05-26-13:40:32.98' 92 '0.07' '6']
[3673 202103764 '2021-05-26-13:55:00.710' 29.247 -1.735 3.76 1.9 0.69 1
 0.34 17 18 7.91 158.804 2.94 3.08 10.16 7 10 2.16 15.34
 '2021-05-26-13:54:42.88' 73 '0.15' '6']
[3677 202103768 '2021-05-26-14:07:28.880' 29.252 -1.747 -0.15 2.7 0.58 1
 0.43 31 18 7.79 52.641 2.49 2.23 4.53 15 16 2.22 59.94
 '2021-05-26-14:07:11.10' 117 '0.02' '6']
[3684 202103775 '2021-05-26-14:23:35.220' 29.256 -1.751 0.76 3.1 0.54 1
 0.54 34 18 9.22 52.586 3.12 3.13 5.2 18 16 1.76 59.24
 '2021-05-26-14:23:16.98' 117 '0.41' '6']
[3688 202103779 '2021-05-26-14:34:12.690' 29.255 -1.746 3.0 2.8 0.58 1
 0.49 29 18 8.99 52.641 2.9 2.64 6.54 14 15 2.22 59.16
 '2021-05-26-14:33:54.92' 116 '-0.07' '6']
[3694 202103785 '2021-05-26-14:52:48.970' 29.255 -1.748 4.58 2.4 0.74 1
 0.37 25 18 10.15 59.931 2.85 2.55 7.57 12 13 2.7 59.06
 '2021-05-26-14:52:31.68' 116 '0.37' '6']
[3708 202103799 '2021-05-26-15:48:42.860' 29.244 -1.752 1.29 3.2 0.61 1
 0.56 28 18 8.79 51.943 2.42 2.16 6.3 18 10 2.36 60.06
 '2021-05-26-15:48:25.22' 117 '-0.1' '6']
[3710 202103801 '2021-05-26-15:55:19.700' 29.254 -1.751 3.99 3.2 0.54 1
 0.52 31 18 9.81 52.262 3.24 2.87 7.0 16 15 2.46 59.12
 '2021-05-26-15:55:02.16' 116 '-0.34' '5']
[3712 202103803 '2021-05-26-16:03:59.780' 29.243 -1.745 4.37 3.3 0.19 1
 0.51 25 17 9.28 98.211 4.04 4.28 7.0 12 13 2.36 59.24
 '2021-05-26-16:03:42.14' 116 '-0.16' '6']
[3713 202103804 '2021-05-26-16:07:16.570' 29.257 -1.758 3.22 4.4 0.1 1
 0.56 29 16 10.31 52.262 2.67 2.88 7.25 16 13 2.24 59.2
 '2021-05-26-16:06:58.82' 116 '-0.53' '5']
[3718 202103809 '2021-05-26-16:24:44.620' 29.246 -1.744 3.86 2.6 0.72 1
 0.43 14 17 9.28 59.181 3.81 3.39 11.91 14 0 2.2 59.08
 '2021-05-26-16:24:26.82' 116 '-0.03' '6']
[3721 202103812 '2021-05-26-16:31:18.300' 29.256 -1.736 2.78 3.0 0.7 1
 0.49 30 17 9.6 53.383 3.08 3.58 8.92 16 14 1.7 58.66
 '2021-05-26-16:31:00.00' 116 '-0.08' '6']
[3730 202103821 '2021-05-26-17:01:48.690' 29.244 -1.751 2.53 2.6 0.39 1
 0.46 20 17 9.13 158.325 2.95 3.35 7.28 10 10 2.32 59.5
 '2021-05-26-17:01:31.02' 117 '-0.18' '6']
[3732 202103823 '2021-05-26-17:10:30.860' 29.251 -1.761 1.06 2.1 0.46 1
 0.53 19 17 9.77 123.055 2.73 3.09 6.12 10 9 2.56 60.02
 '2021-05-26-17:10:13.42' 117 '-0.01' '6']
[3733 202103824 '2021-05-26-17:12:09.200' 29.243 -1.738 3.15 2.6 0.5 1
 0.48 31 17 8.52 52.684 3.57 2.89 7.04 15 16 1.54 58.74
 '2021-05-26-17:11:50.74' 117 '-0.33' '5']
[3737 202103828 '2021-05-26-17:20:36.740' 29.244 -1.742 1.62 2.8 0.51 1
 0.38 12 16 7.87 122.199 2.84 2.57 6.39 11 1 2.14 59.6
 '2021-05-26-17:20:18.88' 117 '-0.13' '6']
[3739 202103830 '2021-05-26-17:29:01.720' 29.244 -1.742 1.55 2.7 0.65 1
 0.71 15 16 7.47 72.722 3.54 3.01 11.3 4 11 2.12 33.82
 '2021-05-26-17:28:43.84' 91 '-0.25' '6']
[3748 202103839 '2021-05-26-17:54:41.780' 29.242 -1.746 2.97 2.6 0.71 1
 0.49 12 16 8.72 139.159 3.25 2.74 6.67 1 11 2.26 53.82
 '2021-05-26-17:54:24.04' 111 '0.04' '6']
[3749 202103840 '2021-05-26-17:57:11.460' 29.254 -1.756 4.15 3.3 0.4 1
 0.49 30 16 10.31 52.262 2.6 2.32 6.43 16 14 2.22 58.88
 '2021-05-26-17:56:53.68' 116 '-0.49' '5']
[3754 202103845 '2021-05-26-18:10:54.750' 29.247 -1.751 2.14 2.7 0.68 1
 0.63 30 16 9.06 52.262 4.2 3.94 7.58 15 15 2.3 59.74
 '2021-05-26-18:10:37.06' 117 '0.16' '6']
[3755 202103846 '2021-05-26-18:13:17.760' 29.252 -1.753 -0.53 3.6 0.36 1
 0.35 29 16 8.72 52.262 2.64 2.17 3.47 16 13 2.24 60.16
 '2021-05-26-18:13:00.00' 117 '-0.2' '5']
[3762 202103853 '2021-05-26-18:33:59.460' 29.246 -1.751 3.7 2.4 0.57 1
 0.39 24 16 9.56 51.943 3.42 2.76 5.2 9 15 2.18 59.06
 '2021-05-26-18:33:41.64' 116 '-0.25' '6']
[3763 202103854 '2021-05-26-18:36:01.880' 29.249 -1.754 4.85 2.5 0.57 1
 0.38 28 16 10.88 52.262 3.24 2.37 7.12 14 14 2.74 59.1
 '2021-05-26-18:35:44.62' 116 '-0.2' '5']
[3774 202103865 '2021-05-26-19:15:34.990' 29.253 -1.73 1.52 1.9 0.73 1
 0.46 23 16 6.93 69.844 2.75 2.64 6.07 10 13 2.16 54.64
 '2021-05-26-19:15:17.16' 112 '0.19' '6']
[3811 202103902 '2021-05-26-22:16:36.200' 29.201 -1.763 2.02 1.9 0.79 1
 0.82 21 16 10.26 55.062 6.16 4.3 11.01 9 12 1.96 60.22
 '2021-05-26-22:16:18.16' 118 '0.34' '6']
[3839 202103930 '2021-05-27-00:21:20.260' 29.247 -1.757 4.83 3.7 0.38 1
 0.49 28 15 10.65 70.445 3.53 2.78 7.01 15 13 2.08 58.66
 '2021-05-27-00:21:02.34' 116 '-0.17' '6']
[3842 202103933 '2021-05-27-00:28:29.350' 29.244 -1.758 1.66 2.9 0.72 1
 0.49 16 15 9.41 122.574 2.99 2.06 8.59 13 3 1.9 59.34
 '2021-05-27-00:28:11.26' 117 '0.05' '6']
[3846 202103937 '2021-05-27-00:39:02.010' 29.241 -1.746 6.71 3.0 0.72 1
 0.56 26 15 11.19 69.728 3.74 2.72 6.83 15 11 1.94 57.88
 '2021-05-27-00:38:43.96' 115 '0.21' '6']
[3847 202103938 '2021-05-27-00:43:33.180' 29.246 -1.756 5.07 3.5 0.46 1
 0.34 25 15 10.65 70.445 3.3 2.58 5.44 14 11 2.0 52.58
 '2021-05-27-00:43:15.18' 110 '-0.38' '5']
[3849 202103940 '2021-05-27-00:48:29.180' 29.246 -1.753 5.14 2.4 0.46 1
 0.48 10 15 10.07 107.195 3.47 3.03 11.6 8 2 2.0 52.58
 '2021-05-27-00:48:11.18' 110 '-0.22' '5']
[3857 202103948 '2021-05-27-01:11:49.190' 29.236 -1.744 6.82 3.0 0.7 1
 0.43 19 15 11.19 69.728 2.83 2.63 5.49 13 6 2.1 52.46
 '2021-05-27-01:11:31.30' 110 '0.05' '6']
[3859 202103950 '2021-05-27-01:14:22.320' 29.257 -1.755 5.32 3.2 0.36 1
 0.47 20 15 11.19 101.515 3.04 2.08 4.91 14 6 2.18 58.54
 '2021-05-27-01:14:04.50' 116 '-0.31' '5']
[3862 202103953 '2021-05-27-01:28:54.460' 29.24 -1.746 7.77 3.7 0.4 1 0.47
 21 15 11.97 121.723 4.02 3.12 7.78 11 10 2.52 58.14
 '2021-05-27-01:28:36.98' 115 '0.11' '6']
[3868 202103959 '2021-05-27-01:49:51.520' 29.244 -1.756 4.54 2.8 0.59 1
 0.2 12 15 10.65 176.214 3.83 2.88 6.68 10 2 2.34 16.42
 '2021-05-27-01:49:33.86' 74 '0.36' '6']
[3883 202103974 '2021-05-27-02:29:12.400' 29.252 -1.746 4.45 3.2 0.55 1
 0.42 28 15 9.54 70.036 3.96 2.97 12.17 15 13 2.02 58.68
 '2021-05-27-02:28:54.42' 116 '-0.06' '6']
[3898 202103989 '2021-05-27-03:08:21.740' 29.24 -1.742 7.92 1.9 0.62 1
 0.55 16 14 12.25 121.535 3.64 3.29 5.68 5 11 2.8 58.42
 '2021-05-27-03:08:04.54' 115 '0.14' '6']
[3901 202103992 '2021-05-27-03:18:10.290' 29.238 -1.755 4.83 2.7 0.42 1
 0.52 19 14 10.52 151.86 3.82 3.07 7.91 7 12 2.08 58.88
 '2021-05-27-03:17:52.38' 116 '-0.09' '6']
[3924 202104015 '2021-05-27-04:15:32.870' 29.259 -1.76 3.2 2.2 0.76 1 0.47
 25 13 10.31 122.866 4.04 3.21 6.19 13 12 2.74 59.46
 '2021-05-27-04:15:15.62' 116 '0.21' '6']
[3930 202104021 '2021-05-27-04:37:21.270' 29.238 -1.756 4.77 2.6 0.52 1
 0.5 18 13 10.52 121.909 3.66 2.47 5.57 11 7 2.06 58.86
 '2021-05-27-04:37:03.34' 116 '0.06' '6']
[3938 202104029 '2021-05-27-05:07:10.730' 29.232 -1.755 3.83 1.6 0.7 1
 0.43 17 13 9.93 173.373 4.2 4.1 7.2 9 8 2.42 15.06
 '2021-05-27-05:06:53.16' 72 '0.22' '6']
[3942 202104033 '2021-05-27-05:19:19.100' 29.244 -1.728 4.85 2.2 -0.02 1
 0.37 9 13 8.56 170.509 3.18 2.84 8.94 6 3 1.56 13.54
 '2021-05-27-05:19:00.66' 71 '-0.89' '3']
[3984 202104075 '2021-05-27-07:30:37.710' 29.242 -1.726 1.29 1.8 0.84 1
 0.53 20 16 6.09 98.27 4.43 3.72 6.06 8 12 1.74 59.5
 '2021-05-27-07:30:19.46' 117 '0.11' '6']
[3986 202104077 '2021-05-27-07:33:46.870' 29.238 -1.728 8.61 2.1 0.85 1
 0.44 22 16 11.77 56.588 2.61 2.32 5.11 11 11 2.88 34.78
 '2021-05-27-07:33:29.76' 91 '0.45' '6']
[4010 202104101 '2021-05-27-08:32:40.970' 29.248 -1.747 5.6 2.0 0.8 1 0.61
 24 17 9.9 59.181 4.31 3.39 15.33 10 14 2.78 59.04
 '2021-05-27-08:32:23.76' 116 '0.17' '6']
[4014 202104105 '2021-05-27-08:41:48.390' 29.232 -1.737 7.7 3.0 0.8 1 0.62
 32 17 11.4 52.358 3.79 3.89 9.08 17 15 2.34 58.1 '2021-05-27-08:41:30.74'
 115 '0.4' '6']
[4028 202104119 '2021-05-27-09:28:37.430' 29.233 -1.739 8.3 2.9 0.76 1
 0.42 21 17 12.25 54.105 3.28 2.41 5.33 10 11 2.38 34.06
 '2021-05-27-09:28:19.82' 91 '0.08' '6']
[4045 202104136 '2021-05-27-10:11:09.300' 29.238 -1.746 8.3 2.9 0.78 1
 0.48 22 17 16.67 97.597 2.82 2.2 7.66 11 11 3.14 58.16
 '2021-05-27-10:10:52.46' 115 '0.18' '6']
[4071 202104162 '2021-05-27-11:31:52.940' 29.231 -1.719 8.17 2.4 0.73 1
 0.52 10 17 10.41 107.919 2.89 3.2 7.34 4 6 2.72 35.08
 '2021-05-27-11:31:35.66' 92 '0.06' '6']
[4082 202104173 '2021-05-27-12:00:06.580' 29.237 -1.725 8.35 3.1 0.77 1
 0.56 28 17 12.3 53.411 2.65 2.75 9.41 14 14 2.44 53.1
 '2021-05-27-11:59:49.02' 110 '0.02' '6']
[4134 202104225 '2021-05-27-14:55:47.350' 29.245 -1.748 9.73 2.2 0.78 1
 0.3 21 17 13.72 98.211 3.5 2.41 4.68 11 10 2.7 57.64
 '2021-05-27-14:55:30.06' 114 '0.17' '6']
[4144 202104235 '2021-05-27-15:27:17.440' 29.223 -1.748 7.12 2.0 0.8 1
 0.34 12 17 11.21 165.928 3.55 3.65 9.24 4 8 2.34 14.72
 '2021-05-27-15:26:59.80' 72 '0.31' '6']
[4154 202104245 '2021-05-27-15:54:06.850' 29.24 -1.725 4.23 2.3 0.84 1
 0.56 12 16 8.39 56.588 3.58 2.72 11.98 4 8 2.18 59.04
 '2021-05-27-15:53:49.04' 116 '0.13' '6']
[4157 202104248 '2021-05-27-16:02:00.020' 29.235 -1.721 8.47 2.8 0.75 1
 0.51 23 15 11.37 74.1 2.7 2.57 6.81 10 13 1.8 52.74
 '2021-05-27-16:01:41.84' 110 '-0.11' '6']
[4184 202104275 '2021-05-27-17:24:43.350' 29.237 -1.736 7.95 1.9 0.76 1
 0.6 23 16 11.4 57.477 3.83 3.24 6.24 9 14 2.3 58.06
 '2021-05-27-17:24:25.66' 115 '0.38' '6']
[4468 202104559 '2021-05-28-09:33:35.790' 29.248 -1.752 6.43 2.1 0.75 1
 0.56 24 17 11.51 52.262 3.18 2.53 5.07 9 15 2.72 59.0
 '2021-05-28-09:33:18.52' 116 '0.13' '6']
[4568 202104659 '2021-05-28-17:50:56.370' 29.255 -1.713 5.45 2.1 0.21 1
 0.51 16 18 12.14 98.915 2.94 2.9 6.0 7 9 2.32 57.92
 '2021-05-28-17:50:38.70' 115 '-1.08' '4']
[4578 202104669 '2021-05-28-18:56:27.910' 29.253 -1.73 -0.85 2.6 0.64 1
 0.5 28 17 5.99 53.383 2.54 2.38 3.06 15 13 1.92 59.9
 '2021-05-28-18:56:09.84' 117 '0.18' '6']
[4610 202104701 '2021-05-28-21:18:10.870' 29.238 -1.759 1.18 1.8 0.77 1
 0.19 15 16 8.97 173.373 2.43 2.25 8.61 8 7 2.34 16.46
 '2021-05-28-21:17:53.22' 74 '0.25' '6']
[4645 202104736 '2021-05-29-01:17:30.850' 29.261 -1.754 11.47 1.7 0.69 1
 0.47 24 16 16.3 108.48 3.59 2.68 8.46 11 13 3.5 28.5
 '2021-05-29-01:17:14.36' 84 '0.39' '6']
[4724 202104815 '2021-05-29-06:42:25.610' 29.246 -1.745 7.48 1.8 0.76 1
 0.43 15 16 15.48 139.159 3.56 2.9 8.51 6 9 3.34 52.86
 '2021-05-29-06:42:08.96' 109 '-0.2' '6']
[4729 202104820 '2021-05-29-06:56:46.720' 29.243 -1.756 4.24 1.8 0.67 1
 0.65 20 16 10.07 106.383 4.36 3.98 6.93 10 10 2.44 59.32
 '2021-05-29-06:56:29.16' 116 '0.11' '6']
[4744 202104835 '2021-05-29-08:07:00.810' 29.256 -1.734 5.47 2.0 0.8 1
 0.48 15 18 9.46 160.748 2.89 2.86 5.72 9 6 2.42 17.34
 '2021-05-29-08:06:43.24' 74 '0.17' '6']
[4782 202104873 '2021-05-29-11:15:26.940' 29.277 -1.762 0.18 2.6 0.62 1
 0.59 30 19 10.96 59.658 2.87 2.56 4.77 16 14 2.82 54.02
 '2021-05-29-11:15:09.76' 111 '-0.07' '6']
[4835 202104926 '2021-05-29-15:44:49.590' 29.266 -1.735 2.56 1.6 0.58 1
 0.64 24 19 10.26 53.689 3.36 2.89 9.49 10 14 2.06 58.76
 '2021-05-29-15:44:31.66' 116 '-0.01' '6']
[4844 202104935 '2021-05-29-16:30:10.300' 29.206 -1.766 6.38 2.3 0.73 1
 0.54 28 19 12.71 50.35 3.38 2.77 6.71 11 17 2.36 59.36
 '2021-05-29-16:29:52.66' 117 '-0.18' '6']
[4899 202104990 '2021-05-29-21:33:06.450' 29.172 -1.821 11.38 1.7 0.71 1
 0.52 22 16 21.53 72.439 4.28 2.7 7.13 13 9 3.98 60.06
 '2021-05-29-21:32:50.44' 116 '0.0' '6']
[4927 202105018 '2021-05-30-00:28:01.870' 29.014 -1.87 6.52 2.0 0.57 1
 0.68 24 16 12.71 118.807 5.49 2.71 9.51 12 12 3.14 65.28
 '2021-05-30-00:27:45.02' 122 '-0.06' '6']
[4966 202105057 '2021-05-30-03:01:37.690' 29.203 -1.766 4.87 1.5 0.8 1
 0.54 22 16 12.27 101.74 3.17 2.82 9.38 12 10 2.68 30.1
 '2021-05-30-03:01:20.38' 87 '0.29' '6']
[4995 202105086 '2021-05-30-06:49:01.670' 29.251 -1.755 8.82 1.4 0.79 1
 0.59 18 18 13.66 118.171 5.12 4.02 7.62 7 11 3.0 33.5
 '2021-05-30-06:48:44.68' 90 '0.1' '6']
[5013 202105104 '2021-05-30-09:24:05.530' 29.263 -1.754 4.8 1.2 0.3 1 0.71
 13 18 11.19 128.211 4.19 3.34 6.5 4 9 2.44 52.9 '2021-05-30-09:23:47.98'
 110 '-0.27' '6']
[5097 202105188 '2021-05-30-17:29:06.910' 29.252 -1.732 2.62 1.5 0.84 1
 0.46 13 16 8.84 158.762 4.45 2.84 8.42 6 7 2.18 54.36
 '2021-05-30-17:28:49.10' 112 '0.2' '6']
[5102 202105193 '2021-05-30-17:44:04.060' 29.233 -1.814 1.32 1.4 0.59 1
 0.36 17 15 27.63 69.379 2.68 1.97 5.55 7 10 4.82 60.4
 '2021-05-30-17:43:48.88' 115 '0.11' '6']
[5105 202105196 '2021-05-30-17:55:10.620' 29.25 -1.745 5.89 1.6 0.76 1
 0.62 24 15 10.82 56.815 3.78 3.06 9.19 11 13 2.46 58.52
 '2021-05-30-17:54:53.08' 116 '0.38' '6']
[5127 202105218 '2021-05-30-19:43:43.080' 29.228 -1.745 2.03 1.6 0.53 1
 0.62 26 16 8.01 51.679 3.84 3.11 6.62 12 14 1.44 59.3
 '2021-05-30-19:43:24.52' 117 '-0.22' '6']
[5152 202105243 '2021-05-30-21:09:51.920' 29.248 -1.739 1.23 1.5 0.65 1
 0.47 22 15 7.39 69.325 3.25 2.56 5.37 10 12 2.1 59.84
 '2021-05-30-21:09:34.02' 117 '0.17' '6']
[5162 202105253 '2021-05-30-21:39:32.290' 29.249 -1.725 0.69 1.1 0.37 1
 0.48 21 15 5.99 103.562 1.93 1.63 3.87 10 11 1.32 28.48
 '2021-05-30-21:39:13.62' 87 '0.1' '6']
[5181 202105272 '2021-05-30-22:51:23.720' 29.12 -1.903 3.35 1.6 0.54 1
 0.42 21 14 20.51 118.182 3.11 1.8 8.43 11 10 4.14 64.18
 '2021-05-30-22:51:07.86' 120 '0.07' '6']
[5198 202105289 '2021-05-31-00:39:07.110' 29.243 -1.73 7.24 1.1 0.46 1
 0.57 22 14 11.02 136.716 2.87 2.48 8.89 11 11 1.84 52.8
 '2021-05-31-00:38:48.96' 110 '0.23' '6']
[5210 202105301 '2021-05-31-01:06:46.670' 29.247 -1.632 8.05 1.1 0.54 1
 0.33 14 14 9.81 124.605 2.19 2.32 3.41 10 4 2.34 19.96
 '2021-05-31-01:06:29.02' 77 '0.29' '6']
[5212 202105303 '2021-05-31-01:13:06.840' 29.251 -1.722 2.61 1.3 0.4 1
 0.48 23 14 6.93 138.751 2.97 2.58 6.79 11 12 2.0 54.52
 '2021-05-31-01:12:48.84' 112 '0.22' '6']
[5235 202105326 '2021-05-31-02:45:56.610' 29.25 -1.733 0.27 1.0 0.25 1
 0.46 14 14 6.88 175.343 2.75 1.99 3.35 7 7 1.8 13.14
 '2021-05-31-02:45:38.42' 71 '-0.01' '6']
[5253 202105344 '2021-05-31-03:47:30.220' 29.46 -1.857 -0.65 2.0 0.54 1
 0.52 17 14 37.01 137.566 5.35 4.34 6.32 8 9 6.38 57.34
 '2021-05-31-03:47:16.60' 110 '0.23' '6']
[5288 202105379 '2021-05-31-08:43:51.180' 29.378 -1.864 6.18 2.4 0.67 1
 0.52 21 17 30.48 62.44 3.33 2.74 7.86 10 11 5.46 57.56
 '2021-05-31-08:43:36.64' 112 '-0.07' '6']
[5299 202105390 '2021-05-31-10:33:25.630' 29.24 -1.757 6.38 1.7 0.57 1 0.5
 20 18 12.04 71.009 4.94 4.03 7.84 9 11 2.56 58.84
 '2021-05-31-10:33:08.20' 116 '-0.09' '6']
[5318 202105409 '2021-05-31-12:37:22.730' 29.245 -1.785 3.15 2.1 0.53 1
 0.48 29 19 12.23 50.798 3.02 2.53 7.0 13 16 2.82 59.94
 '2021-05-31-12:37:05.56' 117 '-0.11' '6']
[5328 202105419 '2021-05-31-13:47:05.380' 29.2 -1.765 3.64 2.4 0.52 1 0.43
 27 19 11.16 56.708 2.35 2.28 10.14 13 14 2.28 33.76
 '2021-05-31-13:46:47.66' 91 '-0.14' '6']
[5344 202105435 '2021-05-31-17:15:44.440' 29.208 -1.9 3.14 2.3 0.84 1 0.43
 27 17 24.7 67.213 2.54 2.16 14.67 14 13 4.68 49.78
 '2021-05-31-17:15:29.12' 105 '0.43' '6']
[5350 202105441 '2021-05-31-17:57:13.440' 29.27 -1.726 4.21 1.4 0.65 1
 0.56 19 17 9.05 119.948 5.63 4.65 6.56 8 11 1.98 53.66
 '2021-05-31-17:56:55.42' 111 '0.29' '6']
[5354 202105445 '2021-05-31-18:14:51.090' 29.263 -1.461 1.53 1.7 0.45 1
 0.85 20 17 13.87 178.261 7.17 7.19 12.72 12 8 2.32 54.6
 '2021-05-31-18:14:33.42' 112 '0.06' '6']
[5357 202105448 '2021-05-31-18:30:24.250' 29.197 -1.776 2.04 1.2 0.47 1
 0.6 17 17 11.99 108.221 3.38 2.7 8.63 7 10 2.16 33.34
 '2021-05-31-18:30:06.42' 91 '-0.2' '6']
[5362 202105453 '2021-05-31-19:02:20.620' 29.201 -1.771 -0.81 1.2 0.42 1
 0.48 16 17 10.66 95.028 2.59 2.04 3.52 9 7 2.44 61.36
 '2021-05-31-19:02:03.06' 118 '-0.23' '6']
[5374 202105465 '2021-05-31-20:41:06.620' 29.276 -1.752 7.89 2.0 0.78 1
 0.57 25 17 13.23 77.46 4.41 3.32 7.25 13 12 3.0 52.36
 '2021-05-31-20:40:49.62' 109 '0.42' '6']
[5378 202105469 '2021-05-31-21:12:05.490' 29.26 -1.737 -0.34 1.6 0.61 1
 0.44 16 16 7.36 134.71 2.57 2.51 3.3 5 11 1.76 59.26
 '2021-05-31-21:11:47.26' 117 '0.16' '6']
[5380 202105472 '2021-05-31-21:26:04.190' 29.246 -1.731 0.3 1.2 0.39 1
 0.54 19 16 6.88 122.484 2.86 1.78 3.6 8 11 1.16 59.16
 '2021-05-31-21:25:45.36' 117 '0.04' '6']
[5397 202105489 '2021-05-31-22:51:32.740' 29.227 -1.739 -0.04 1.0 0.13 1
 0.58 16 15 6.22 121.063 5.02 3.85 9.25 5 11 1.82 60.2
 '2021-05-31-22:51:14.56' 118 '0.08' '6']
[5402 202105494 '2021-05-31-23:06:54.310' 29.252 -1.744 2.9 1.4 0.62 1
 0.51 19 15 8.99 71.113 2.7 2.43 6.28 9 10 1.84 53.3
 '2021-05-31-23:06:36.16' 111 '-0.24' '6']
