[295 202100311 '2021-01-18-22:32:28.260' 29.259 -1.531 15.02 1.1 0.12 1
 0.64 19 17 20.35 75.479 5.52 6.91 17.56 10 9 3.28 30.76
 '2021-01-18-22:32:11.56' 87 '0.2' '6']
[310 202100327 '2021-01-19-16:17:12.520' 29.265 -1.515 13.73 1.3 -0.02 1
 0.59 12 20 15.47 87.631 5.19 7.23 10.19 1 11 3.48 57.14
 '2021-01-19-16:16:56.00' 113 '-0.42' '5']
[377 202100396 '2021-01-23-00:28:57.130' 29.263 -1.531 16.66 1.0 -0.0 1
 0.42 18 18 19.56 77.215 3.31 3.1 4.65 7 11 3.48 38.56
 '2021-01-23-00:28:40.62' 95 '0.17' '6']
[455 202100475 '2021-01-27-00:14:27.130' 29.249 -1.525 10.18 1.1 0.02 1
 0.54 24 16 11.48 83.75 5.34 3.06 11.71 11 13 2.42 57.32
 '2021-01-27-00:14:09.56' 114 '0.02' '6']
[463 202100483 '2021-01-27-03:40:33.070' 29.264 -1.526 17.1 1.1 0.03 1
 0.48 19 16 20.47 75.1 7.33 3.83 12.21 9 10 3.42 28.38
 '2021-01-27-03:40:16.50' 84 '0.07' '6']
[475 202100495 '2021-01-27-23:13:49.720' 29.271 -1.498 17.64 0.9 -0.46 1
 0.43 12 17 21.67 144.912 4.87 5.11 4.8 3 9 4.44 39.88
 '2021-01-27-23:13:34.16' 95 '-0.39' '1']
[601 202100624 '2021-02-02-21:39:49.090' 29.262 -1.537 16.12 1.0 -0.07 1
 0.56 23 20 17.41 75.479 3.03 3.38 6.3 11 12 3.24 55.66
 '2021-02-02-21:39:32.34' 112 '-0.03' '6']
[937 202100973 '2021-02-22-22:16:06.900' 29.26 -1.499 12.49 0.8 -0.55 1
 0.65 16 16 14.63 84.356 6.36 4.68 10.22 6 10 3.58 58.14
 '2021-02-22-22:15:50.50' 114 '-0.42' '5']
[975 202101011 '2021-02-24-20:04:38.090' 29.264 -1.522 16.34 1.1 0.2 1
 0.58 20 19 18.85 78.844 3.39 3.39 6.84 9 11 3.32 38.9
 '2021-02-24-20:04:21.42' 95 '0.26' '6']
[1033 202101078 '2021-02-27-20:05:21.200' 29.223 -1.481 12.01 1.1 -0.88 1
 0.82 12 17 18.15 99.74 6.29 6.72 10.77 3 9 3.24 57.96
 '2021-02-27-20:05:04.44' 114 '-0.19' '6']
[1045 202101090 '2021-02-28-01:24:52.970' 29.253 -1.526 12.32 1.0 0.15 1
 0.64 18 17 16.81 79.479 3.19 2.52 10.77 9 9 3.52 23.36
 '2021-02-28-01:24:36.50' 79 '0.23' '6']
[1067 202101112 '2021-03-01-04:34:24.860' 29.262 -1.524 14.41 1.3 0.02 1
 0.63 13 18 10.43 98.634 13.76 11.77 18.74 4 9 3.76 34.94
 '2021-03-01-04:34:08.62' 91 '-0.37' '3']
[1252 202101304 '2021-03-11-20:07:31.070' 29.271 -1.542 18.53 1.1 0.06 1
 0.61 22 19 21.27 78.161 3.79 4.71 5.47 9 13 3.72 55.04
 '2021-03-11-20:07:14.80' 111 '-0.04' '6']
[1484 202101544 '2021-03-29-00:41:24.520' 29.245 -1.49 15.04 1.1 -0.26 1
 0.7 15 18 20.94 174.757 8.57 10.25 13.82 5 10 3.74 35.04
 '2021-03-29-00:41:08.26' 91 '-0.3' '5']
[1915 202102004 '2021-05-05-22:11:40.160' 29.28 -1.546 15.42 1.1 -0.07 1
 0.36 16 16 17.15 123.338 4.0 3.78 5.11 7 9 3.1 38.14
 '2021-05-05-22:11:23.26' 95 '0.01' '6']
[2015 202102106 '2021-05-15-00:40:23.620' 29.269 -1.542 15.73 1.0 0.26 1
 0.41 17 13 19.3 129.428 3.95 4.25 7.8 8 9 3.76 23.3
 '2021-05-15-00:40:07.38' 79 '0.16' '6']
[2098 202102189 '2021-05-21-06:08:16.910' 29.234 -2.134 11.31 1.9 0.52 1
 0.7 13 15 22.16 144.862 11.98 4.18 19.76 4 9 5.08 64.54
 '2021-05-21-06:08:02.00' 119 '-0.32' '5']
