[111 202100117 '2021-01-08-02:09:40.240' 29.276 -1.57 11.49 1.0 0.24 1
 0.73 20 17 17.06 69.865 6.06 10.93 15.62 10 10 2.46 38.26
 '2021-01-08-02:09:22.70' 95 '0.1' '6']
[179 202100189 '2021-01-13-00:43:43.010' 29.263 -1.538 13.64 0.8 -0.21 1
 0.51 15 17 17.41 75.479 4.88 4.3 10.43 6 9 2.82 19.2
 '2021-01-13-00:43:25.84' 76 '0.05' '6']
[226 202100238 '2021-01-15-17:07:22.430' 29.249 -1.525 11.59 1.0 -0.01 1
 0.6 12 16 15.86 121.576 3.44 3.42 8.79 4 8 3.04 19.94
 '2021-01-15-17:07:05.48' 76 '0.01' '6']
[283 202100299 '2021-01-18-04:15:28.260' 29.255 -1.528 14.66 1.1 -0.02 1
 0.56 14 18 17.76 121.576 4.22 3.01 5.3 4 10 3.3 39.04
 '2021-01-18-04:15:11.56' 95 '-0.13' '6']
[285 202100301 '2021-01-18-18:23:36.050' 29.269 -1.526 16.49 1.1 0.04 1
 0.6 18 19 19.5 75.059 3.8 3.55 5.66 8 10 3.22 38.5
 '2021-01-18-18:23:19.28' 95 '0.29' '6']
[296 202100312 '2021-01-18-22:43:34.490' 29.295 -1.508 17.33 1.1 -0.89 1
 0.51 11 17 21.41 148.656 9.21 8.63 12.44 1 10 3.94 29.84
 '2021-01-18-22:43:18.44' 85 '-0.96' '0']
[355 202100374 '2021-01-22-00:55:50.030' 29.257 -1.539 13.16 1.0 -0.47 1
 0.59 22 18 15.61 77.608 3.3 3.9 5.63 8 14 2.7 53.62
 '2021-01-22-00:55:32.74' 110 '-0.2' '6']
[362 202100381 '2021-01-22-06:17:22.240' 29.27 -1.501 12.52 1.4 0.21 1
 0.35 17 20 16.71 140.073 3.75 3.21 6.67 6 11 3.1 57.28
 '2021-01-22-06:17:05.34' 114 '0.18' '6']
[424 202100443 '2021-01-25-01:43:07.610' 29.255 -1.538 12.41 0.9 -0.11 1
 0.51 20 17 14.66 77.608 4.68 3.94 11.59 9 11 3.12 22.76
 '2021-01-25-01:42:50.74' 79 '-0.22' '5']
[493 202100513 '2021-01-28-20:26:09.510' 29.263 -1.526 17.13 1.0 -0.08 1
 0.56 19 20 18.6 77.215 2.78 2.79 6.12 9 10 3.86 38.94
 '2021-01-28-20:25:53.38' 95 '0.11' '6']
[501 202100522 '2021-01-29-00:26:43.340' 29.259 -1.531 14.75 1.1 0.09 1
 0.67 20 19 17.63 77.215 3.01 3.04 3.69 11 9 3.36 39.02
 '2021-01-29-00:26:26.70' 95 '-0.08' '6']
[556 202100577 '2021-01-31-18:48:51.570' 29.273 -1.524 15.05 1.1 0.29 1
 0.48 14 19 17.83 136.51 5.39 5.53 6.64 2 12 3.62 30.94
 '2021-01-31-18:48:35.20' 87 '0.01' '6']
[566 202100587 '2021-02-01-02:30:20.100' 29.254 -1.527 13.89 1.0 -0.02 1
 0.46 20 18 16.81 79.479 3.45 2.75 4.77 9 11 2.98 39.02
 '2021-02-01-02:30:03.08' 96 '0.09' '6']
[573 202100594 '2021-02-01-20:14:43.630' 29.272 -1.527 17.59 1.0 -0.14 1
 0.63 16 20 19.5 75.059 3.59 3.82 6.32 5 11 4.14 38.8
 '2021-02-01-20:14:27.78' 94 '-0.08' '6']
[637 202100663 '2021-02-05-00:14:32.020' 29.261 -1.53 15.12 1.1 0.07 1
 0.44 22 17 17.63 77.215 2.72 2.61 4.36 10 12 3.04 38.7
 '2021-02-05-00:14:15.06' 95 '-0.09' '6']
[663 202100690 '2021-02-06-04:38:36.240' 29.258 -1.525 14.44 1.1 0.47 1
 0.34 14 17 17.9 78.844 2.37 2.34 4.03 7 7 3.14 39.3
 '2021-02-06-04:38:19.38' 96 '0.09' '6']
[664 202100691 '2021-02-06-04:56:07.300' 29.253 -1.499 13.09 1.3 -0.25 1
 0.64 9 16 16.92 104.767 3.13 2.78 4.81 1 8 3.2 18.2
 '2021-02-06-04:55:50.50' 74 '-0.61' '3']
[677 202100704 '2021-02-07-06:10:41.320' 29.263 -1.521 13.99 1.1 0.19 1
 0.64 13 16 16.96 78.844 3.56 2.64 4.43 5 8 3.22 39.38
 '2021-02-07-06:10:24.54' 96 '-0.26' '5']
[681 202100709 '2021-02-07-19:53:56.890' 29.258 -1.525 15.91 1.1 -0.05 1
 0.62 12 15 18.85 128.068 2.83 3.01 5.52 6 6 4.12 12.38
 '2021-02-07-19:53:41.02' 68 '0.06' '6']
[764 202100794 '2021-02-12-19:13:32.410' 29.292 -1.524 17.53 1.0 -0.17 1
 0.78 17 17 20.71 89.797 11.76 6.56 10.88 8 9 3.96 34.24
 '2021-02-12-19:13:16.38' 90 '0.05' '6']
[782 202100812 '2021-02-13-22:20:41.230' 29.252 -1.535 13.4 1.0 -0.12 1
 0.63 15 17 16.81 121.576 3.95 3.1 7.33 5 10 2.9 22.42
 '2021-02-13-22:20:24.14' 79 '-0.1' '6']
[786 202100816 '2021-02-14-00:34:41.060' 29.271 -1.473 17.02 1.0 -0.83 1
 0.72 15 17 19.97 97.571 5.64 5.93 12.31 4 11 3.76 24.58
 '2021-02-14-00:34:24.82' 80 '-0.55' '3']
[925 202100961 '2021-02-22-00:50:48.530' 29.247 -1.522 8.52 1.0 -0.05 1
 0.41 18 17 11.95 83.75 2.74 2.3 4.68 8 10 2.7 57.96
 '2021-02-22-00:50:31.24' 115 '-0.02' '6']
[951 202100987 '2021-02-23-18:54:31.530' 29.261 -1.525 15.81 1.3 -0.58 1
 0.57 13 19 18.85 109.014 2.78 3.3 5.47 2 11 3.76 39.34
 '2021-02-23-18:54:15.30' 95 '-0.29' '6']
[1000 202101038 '2021-02-26-00:14:18.490' 29.221 -1.492 11.48 1.2 -0.38 1
 0.79 19 18 17.72 90.019 8.53 9.66 10.48 7 12 3.12 54.66
 '2021-02-26-00:14:01.62' 111 '-0.58' '5']
[1065 202101110 '2021-03-01-01:57:36.100' 29.27 -1.532 17.31 1.1 0.04 1
 0.56 22 19 20.47 75.059 3.68 2.97 5.7 8 14 3.44 38.42
 '2021-03-01-01:57:19.54' 94 '0.23' '6']
[1108 202101155 '2021-03-03-03:36:46.810' 29.242 -1.532 12.02 0.9 -0.24 1
 0.59 11 18 12.76 118.072 4.49 2.73 11.47 4 7 3.4 19.94
 '2021-03-03-03:36:30.22' 76 '0.35' '6']
[1186 202101235 '2021-03-07-08:17:13.470' 29.283 -1.5 10.28 1.2 0.26 1
 0.71 14 19 15.8 79.314 6.37 3.6 10.12 6 8 2.86 20.72
 '2021-03-07-08:16:56.34' 77 '0.05' '6']
[1189 202101238 '2021-03-07-16:52:54.180' 29.269 -2.085 8.48 2.2 0.62 1
 0.51 29 18 25.79 93.507 4.16 3.67 15.22 14 15 4.54 62.96
 '2021-03-07-16:52:38.72' 118 '-0.19' '6']
[1233 202101284 '2021-03-10-03:32:25.450' 29.266 -1.527 17.26 1.2 0.09 1
 0.37 20 17 20.47 75.1 3.77 3.38 5.07 7 13 3.8 28.76
 '2021-03-10-03:32:09.26' 84 '0.05' '6']
[1239 202101290 '2021-03-10-21:15:38.060' 29.268 -1.524 15.87 1.1 0.17 1
 0.28 18 20 20.71 110.161 3.53 2.91 8.12 7 11 3.28 23.24
 '2021-03-10-21:15:21.34' 79 '0.19' '6']
[1383 202101439 '2021-03-22-01:35:50.030' 29.264 -1.54 12.93 1.0 -0.09 1
 0.53 18 17 15.46 132.156 2.95 3.13 4.78 8 10 2.68 22.38
 '2021-03-22-01:35:32.72' 79 '0.11' '6']
[1407 202101464 '2021-03-24-01:46:01.700' 29.202 -1.76 5.77 1.0 0.07 1
 0.36 15 18 11.68 107.388 3.07 3.1 7.79 6 9 2.8 34.1
 '2021-03-24-01:45:44.50' 91 '-0.68' '1']
[1433 202101491 '2021-03-26-01:18:35.340' 29.269 -1.544 15.01 1.0 0.1 1
 0.39 17 16 16.18 125.93 3.84 3.47 8.66 8 9 3.28 19.44
 '2021-03-26-01:18:18.62' 76 '0.06' '6']
[1514 202101574 '2021-03-31-19:53:07.020' 29.265 -1.549 13.6 1.0 0.02 1
 0.58 15 18 16.26 81.686 2.95 6.34 5.57 10 5 2.8 53.34
 '2021-03-31-19:52:49.82' 110 '-0.0' '5']
[1547 202101612 '2021-04-03-06:21:22.320' 29.252 -1.556 10.99 1.2 0.48 1
 0.65 15 19 11.35 99.918 8.82 9.56 12.61 6 9 2.6 56.44
 '2021-04-03-06:21:04.92' 113 '0.17' '6']
[1633 202101699 '2021-04-09-20:11:54.030' 29.282 -1.527 11.83 1.0 -0.4 1
 0.85 12 18 12.75 130.038 5.42 5.7 9.66 4 8 2.54 56.56
 '2021-04-09-20:11:36.58' 114 '-0.16' '6']
[1651 202101717 '2021-04-11-00:33:18.090' 29.262 -1.537 10.62 1.1 0.07 1
 0.65 17 17 13.54 72.866 3.53 3.69 4.45 7 10 2.4 53.88
 '2021-04-11-00:33:00.50' 111 '0.06' '6']
[1743 202101813 '2021-04-18-18:46:09.270' 29.27 -1.536 14.86 1.1 0.36 1
 0.35 18 18 17.33 78.161 2.74 3.38 4.8 7 11 3.24 38.6
 '2021-04-18-18:45:52.52' 95 '0.22' '6']
[1768 202101842 '2021-04-20-02:16:58.070' 29.267 -1.544 15.51 1.2 -0.01 1
 0.37 20 17 18.16 125.93 3.45 3.37 4.68 8 12 3.18 52.82
 '2021-04-20-02:16:41.26' 109 '0.2' '6']
[1772 202101846 '2021-04-20-12:22:17.250' 29.285 -1.478 13.88 1.7 -0.49 1
 0.35 12 19 18.55 143.801 5.18 5.28 5.49 3 9 3.5 31.12
 '2021-04-20-12:22:00.76' 87 '-0.52' '5']
[1785 202101860 '2021-04-22-01:39:47.200' 29.285 -1.526 13.06 1.3 -0.65 1
 0.83 13 16 12.22 99.075 7.2 10.08 12.14 5 8 2.88 28.98
 '2021-04-22-01:39:30.08' 86 '-0.37' '5']
[1791 202101866 '2021-04-22-21:15:55.030' 29.254 -1.544 7.95 0.8 -0.32 1
 0.44 13 17 10.64 131.034 2.79 4.14 7.23 5 8 1.84 30.28
 '2021-04-22-21:15:36.88' 88 '-0.12' '6']
[1876 202101963 '2021-05-01-21:24:29.010' 29.281 -1.543 10.43 0.7 -0.4 1
 0.39 14 16 11.24 161.605 4.91 3.81 7.13 5 9 2.14 33.82
 '2021-05-01-21:24:11.16' 91 '-0.22' '5']
[1884 202101971 '2021-05-02-06:49:03.830' 29.272 -1.516 16.93 1.6 -0.44 1
 0.79 13 16 20.04 140.1 4.5 5.53 5.07 2 11 4.26 52.9
 '2021-05-02-06:48:48.10' 108 '-0.34' '3']
[1935 202102024 '2021-05-08-00:19:33.550' 29.268 -1.543 13.44 0.9 0.16 1
 0.29 14 11 15.19 135.682 3.61 2.76 7.1 6 8 3.18 23.06
 '2021-05-08-00:19:16.74' 79 '0.3' '6']
[1966 202102056 '2021-05-11-01:36:36.860' 29.26 -1.549 7.86 0.9 0.06 1
 0.58 15 13 10.42 128.494 4.94 3.82 6.89 8 7 2.64 55.36
 '2021-05-11-01:36:19.50' 112 '0.09' '6']
[1982 202102072 '2021-05-12-03:44:08.020' 29.26 -1.527 9.59 1.0 -0.09 1
 0.42 10 13 12.88 135.841 5.71 4.19 9.35 5 5 2.22 19.22
 '2021-05-12-03:43:50.24' 76 '0.15' '6']
[2007 202102098 '2021-05-14-04:16:35.070' 29.276 -1.543 18.04 1.2 -0.04 1
 0.52 12 13 20.28 160.902 5.36 4.34 3.53 6 6 3.54 55.2
 '2021-05-14-04:16:18.62' 111 '0.13' '6']
[2043 202102134 '2021-05-17-00:57:35.370' 29.269 -1.544 15.69 1.1 0.1 1
 0.18 12 13 18.16 125.93 2.95 3.38 6.47 6 6 3.48 19.54
 '2021-05-17-00:57:18.86' 76 '0.15' '6']
[2047 202102138 '2021-05-17-14:47:42.650' 29.249 -1.549 11.72 1.2 -0.08 1
 0.56 12 16 14.34 101.145 3.55 6.67 5.19 5 7 3.12 54.56
 '2021-05-17-14:47:25.78' 111 '0.31' '6']
[2089 202102180 '2021-05-20-22:49:09.310' 29.269 -1.543 13.4 1.0 -0.12 1
 0.36 17 15 15.19 125.93 3.72 3.47 9.18 8 9 2.94 30.36
 '2021-05-20-22:48:52.26' 87 '0.08' '6']
[2588 202102679 '2021-05-23-16:49:46.040' 29.251 -1.676 5.04 2.8 0.5 1
 0.66 16 17 13.91 94.391 2.83 4.25 15.1 7 9 2.42 29.24
 '2021-05-23-16:49:28.46' 86 '0.06' '6']
[2624 202102715 '2021-05-23-18:52:57.620' 29.271 -1.674 7.37 1.8 0.71 1
 0.52 15 17 14.75 68.173 4.16 4.2 15.13 6 9 3.12 35.5
 '2021-05-23-18:52:40.74' 92 '0.06' '6']
[3164 202103255 '2021-05-25-06:34:25.230' 29.258 -1.692 1.71 3.2 0.44 1
 0.51 32 18 8.28 54.915 3.23 2.85 6.04 17 15 1.62 57.92
 '2021-05-25-06:34:06.86' 116 '-0.29' '5']
[3561 202103652 '2021-05-26-07:01:16.500' 29.263 -1.719 2.62 4.2 0.32 1
 0.48 32 18 7.98 54.093 2.56 2.51 8.32 18 14 1.74 58.4
 '2021-05-26-07:00:58.26' 116 '-0.13' '5']
[3636 202103727 '2021-05-26-11:31:36.180' 29.252 -1.729 1.05 2.1 0.69 1
 0.43 26 19 6.48 101.09 2.78 2.31 5.41 12 14 1.28 54.02
 '2021-05-26-11:31:17.46' 112 '-0.07' '5']
[3940 202104031 '2021-05-27-05:14:25.380' 29.25 -1.75 -1.84 2.6 0.62 1
 0.36 23 13 7.47 122.199 3.16 2.18 3.65 13 10 1.7 59.84
 '2021-05-27-05:14:07.08' 118 '-0.21' '5']
[3943 202104034 '2021-05-27-05:19:47.760' 29.249 -1.734 4.03 2.2 0.53 1
 0.37 15 14 9.35 136.716 3.13 3.36 9.63 9 6 2.26 53.8
 '2021-05-27-05:19:30.02' 111 '-0.27' '5']
[4875 202104966 '2021-05-29-19:01:47.930' 29.252 -1.72 6.05 1.8 0.68 1
 0.55 27 19 9.1 53.748 2.44 2.73 7.64 12 15 2.48 58.42
 '2021-05-29-19:01:30.42' 115 '0.15' '6']
[5326 202105417 '2021-05-31-13:36:35.680' 29.484 -1.924 4.54 1.8 0.47 1
 0.76 14 19 45.24 66.776 3.97 4.16 13.71 5 9 8.42 57.44
 '2021-05-31-13:36:24.10' 109 '0.0' '6']
