[188 202100198 '2021-01-13-20:17:13.000' 29.247 -1.524 9.5 1.0 0.21 1 0.85
 21 17 14.92 79.479 4.97 3.55 14.94 9 12 2.32 33.94
 '2021-01-13-20:16:55.32' 91 '0.04' '6']
[472 202100492 '2021-01-27-22:35:16.210' 29.284 -1.529 16.04 1.1 0.18 1
 0.82 18 19 19.48 73.002 5.22 4.68 7.58 6 12 3.38 30.1
 '2021-01-27-22:34:59.60' 86 '0.02' '6']
[544 202100565 '2021-01-31-01:24:34.300' 29.255 -1.532 15.13 0.9 -0.13 1
 0.36 20 18 17.76 79.479 2.68 2.54 4.65 9 11 3.34 19.72
 '2021-01-31-01:24:17.64' 76 '0.02' '6']
[789 202100819 '2021-02-14-01:20:20.090' 29.279 -1.459 19.6 1.3 -0.63 1
 0.56 18 17 22.99 83.124 6.58 4.47 11.5 7 11 4.4 30.1
 '2021-02-14-01:20:04.50' 85 '-0.67' '3']
[802 202100832 '2021-02-15-01:12:57.230' 29.257 -1.528 15.5 0.9 -0.27 1
 0.51 21 18 17.76 79.479 2.88 2.87 5.75 8 13 3.44 38.88
 '2021-02-15-01:12:40.68' 95 '0.15' '6']
[1137 202101184 '2021-03-04-19:31:37.180' 29.265 -1.524 13.97 1.2 -0.62 1
 0.53 17 19 16.96 78.844 4.82 4.23 8.79 8 9 3.08 23.1
 '2021-03-04-19:31:20.26' 80 '0.05' '6']
[1245 202101296 '2021-03-10-23:12:08.130' 29.268 -1.531 15.78 1.0 -0.11 1
 0.44 16 19 18.6 77.215 4.02 3.66 5.58 5 11 3.3 30.26
 '2021-03-10-23:11:51.44' 86 '0.0' '6']
[1406 202101463 '2021-03-24-01:17:44.470' 29.27 -1.544 15.76 1.1 0.15 1
 0.41 19 18 18.16 125.93 3.46 3.95 5.78 9 10 3.58 38.44
 '2021-03-24-01:17:28.06' 94 '0.15' '6']
[1774 202101848 '2021-04-20-14:07:56.580' 29.249 -1.422 14.13 2.2 -0.28 1
 0.66 19 19 21.6 179.748 9.74 15.09 11.37 7 12 4.3 59.46
 '2021-04-20-14:07:40.88' 115 '-0.58' '3']
